8333333
1145955497567225	1145955521901610	1145955498700379
1145955505108149	1145955530210841	1145955506727225
1145955512378841	1145955538538610	1145955514139533
1145955522658918	1145955546857379	1145955524510302
1145955530299456	1145955555166841	1145955531562225
1145955538509302	1145955563484072	1145955539914533
1145955547326533	1145955571800072	1145955548800687
1145955554802841	1145955580124456	1145955556111456
1145955563801687	1145955588465687	1145955565272456
1145955571072456	1145955596789302	1145955573497687
1145955579280764	1145955605209610	1145955581409379
1145955587730841	1145955613393302	1145955589822533
1145955596672149	1145955621841302	1145955598873610
1145955604667149	1145955630140764	1145955607363456
1145955615283225	1145955638346533	1145955617584149
1145955620993687	1145955646790533	1145955623927533
1145955629596456	1145955654980995	1145955631317687
1145955637867841	1145955663298610	1145955639878225
1145955646250533	1145955671620687	1145955648122610
1145955655837610	1145955679931841	1145955656683841
1145955662717379	1145955688295226	1145955664225302
1145955671371149	1145955696565995	1145955672929918
1145955680317687	1145955704877302	1145955681737995
1145955688892764	1145955713271149	1145955690126841
1145955696636456	1145955721519764	1145955698330302
1145955705023456	1145955729848764	1145955706494918
1145955712205995	1145955738159226	1145955714071456
1145955721503533	1145955746468379	1145955722927841
1145955729058226	1145955754796149	1145955731141918
1145955738928456	1145955763099226	1145955740529379
1145955746033379	1145955771475533	1145955747689072
1145955753546610	1145955779731841	1145955755462841
1145955762350226	1145955788120149	1145955763976456
1145955771753687	1145955796386918	1145955772860687
1145955779203841	1145955804687533	1145955781020687
0	1145955813062302	1145955802103456
1145955799782226	1145955821377379	1145955803869610
1145955806006610	1145955829650918	1145955807329072
1145955810478302	1145955837965918	1145955811860072
1145955819237072	1145955846322226	1145955821403841
1145955829992072	1145955854593610	1145955831758226
1145955837979456	1145955862979456	1145955840215841
1145955845858302	1145955871233995	1145955847770841
1145955853894302	1145955879563226	1145955855518302
1145955862172687	1145955887870918	1145955864083456
1145955873508379	1145955896175149	1145955873323149
1145955879194841	1145955904512687	1145955880832379
1145955887972379	1145955912811456	1145955889460072
1145955896826302	1145955921144764	1145955898567841
1145955903948456	1145955929449995	1145955905837610
1145955911299149	1145955937815149	1145955913339764
1145955920590610	1145955946124072	1145955922093918
1145955929633610	1145955954413610	1145955930547533
1145955937035841	1145955962850533	1145955939574610
1145955945774533	1145955971046610	1145955948101072
1145955955578533	1145955979529302	1145955957736072
1145955962010918	1145955987712149	1145955964087841
1145955970235533	1145955995986302	1145955972322226
1145955979569610	1145956004320072	1145955980985610
1145955989696995	1145956012661379	1145955989659226
1145955995829072	1145956021195533	1145955997348995
1145956003994841	1145956029261302	1145956005895533
1145956011975226	1145956037593379	1145956013622841
1145956021065302	1145956045905072	1145956022710302
1145956029391764	1145956054214841	1145956030837610
1145956036890918	1145956062547456	1145956038416687
1145956044897687	1145956070895456	1145956046538918
1145956052279841	1145956079236764	1145956054516764
1145956061842610	1145956087502302	1145956063874841
1145956070453687	1145956095861302	1145956072781302
1145956080608379	1145956104150226	1145956081329918
1145956085889302	1145956112452456	1145956087877072
1145956096462918	1145956120770841	1145956097819841
1145956104237072	1145956129087841	1145956105466610
1145956111899149	1145956137396687	1145956113800379
1145956119718226	1145956145722533	1145956122906302
1145956127810610	1145956154040149	1145956129833918
1145956135297302	1145956162368687	1145956137539149
1145956143937687	1145956170672456	1145956145913302
1145956152121302	1145956179039149	1145956154208456
1145956160221687	1145956187401610	1145956162330533
1145956168224379	1145956195647764	1145956170495533
1145956176746918	1145956204026533	1145956179070918
1145956187575533	1145956212271226	1145956188402226
1145956196551533	1145956220613072	1145956197283841
1145956204945687	1145956228908149	1145956206877918
1145956211307533	1145956237470302	1145956213226533
1145956219862610	1145956245562610	1145956221848764
1145956227556456	1145956253889995	1145956229429995
1145956236336072	1145956262180995	1145956238865302
1145956245743149	1145956270557918	1145956247156456
1145956253557379	1145956278817302	1145956254994918
1145956262621918	1145956287124456	1145956264260379
1145956270845995	1145956295440072	1145956272638610
1145956277352456	1145956303756687	1145956279377918
1145956286433072	1145956312082226	1145956288129072
1145956302360995	1145956320476456	1145956304729302
1145956303819149	1145956328724072	1145956306468149
1145956309433918	1145956337051764	1145956311724995
1145956317972072	1145956345400149	1145956320210841
1145956327381995	1145956353686918	1145956329042610
1145956336215456	1145956361999533	1145956338007149
1145956344495226	1145956370318841	1145956346469995
1145956354922918	1145956378639456	1145956355643149
1145956362857918	1145956386952995	1145956364153687
1145956371215764	1145956395275764	1145956371789302
1145956379788149	1145956403602302	1145956381444687
1145956386099226	1145956411911841	1145956388329610
1145956394377302	1145956420249379	1145956396269995
1145956405790610	1145956428577072	1145956406765379
1145956411244764	1145956436874841	1145956412873610
1145956420600687	1145956445209610	1145956422166533
1145956427696379	1145956453576379	1145956429477610
1145956435680379	1145956461900687	1145956437414533
1145956444468764	1145956470192995	1145956445862841
1145956453028456	1145956478518610	1145956455091764
1145956461293918	1145956486814533	1145956462547226
1145956470328149	1145956495137687	1145956472071226
1145956478156379	1145956503452379	1145956480181687
1145956485529302	1145956511814302	1145956487481687
1145956495813918	1145956520091226	1145956497563841
1145956504670533	1145956528401918	1145956505375149
1145956511068995	1145956536714841	1145956513012072
1145956520815764	1145956545037379	1145956522110918
1145956527412149	1145956553362533	1145956529305918
1145956536144764	1145956561676764	1145956537936456
1145956544131149	9223372036854775807	1145956545496072
