8333333
1146230878232396	1146230904002242	1146230880277627
1146230886741934	1146230912313396	1146230888821627
1146230894341011	1146230920631550	1146230896380396
1146230903343473	1146230928969011	1146230905446857
1146230912326242	1146230937292396	1146230914140780
1146230919922242	1146230945722011	1146230921560703
1146230928519550	1146230953902319	1146230929689396
1146230936955780	1146230962248396	1146230938849088
1146230944516780	1146230970568473	1146230946713088
1146230952795857	1146230978860780	1146230954411780
1146230961579550	1146230987168165	1146230964142319
1146230970007165	1146230995490242	1146230971861396
1146230978106550	1146231003818857	1146230980062550
1146230985828165	1146231012133319	1146230988094550
1146230995322319	1146231020438242	1146230996675550
1146231002523550	1146231028766627	1146231004650934
1146231012563473	1146231037372473	1146231014374934
1146231019332780	1146231045389088	1146231021046011
1146231028370934	1146231053711780	1146231030370934
1146231037023780	1146231062022011	1146231039475857
1146231044261934	1146231070367473	1146231046066934
1146231052873627	1146231078758242	1146231054867857
1146231061292396	1146231086967473	1146231063482242
1146231069293319	1146231095319473	1146231071312396
1146231077927242	1146231103692088	1146231079961703
1146231086128780	1146231111976473	1146231088261934
1146231096255857	1146231120268703	1146231097818242
1146231103745088	1146231128581088	1146231105855780
1146231111662627	1146231136931780	1146231113634934
1146231119023165	1146231145209396	1146231121046857
1146231127433011	1146231153552088	1146231129664165
1146231136599242	1146231161824780	1146231138855780
1146231144509319	1146231170152165	1146231146758857
1146231154443857	1146231178515780	1146231156211780
1146231161565011	1146231186776780	1146231163453934
1146231169816780	1146231195099780	1146231171780703
1146231177921627	1146231203409934	1146231179371857
1146231186323165	1146231211737703	1146231188368703
1146231195525088	1146231220033934	1146231196965627
1146231203196703	1146231228429703	1146231204761319
1146231212405627	1146231236706319	1146231213814627
1146231218738934	1146231245005703	1146231220575780
1146231229352780	1146231253304396	1146231231024165
1146231235894242	1146231261634550	1146231237985396
1146231244202934	1146231269976396	1146231246441396
1146231253469396	1146231278260165	1146231255125088
1146231261429011	1146231286578627	1146231262863550
1146231268670011	1146231294898319	1146231270575550
0	1146231303219550	1146231293120780
1146231292811780	1146231311525703	1146231294962550
1146231295482319	1146231319847473	1146231296704473
1146231301900703	1146231328201703	1146231304213088
1146231310179550	1146231336489319	1146231312205319
1146231320260088	1146231344817319	1146231321697934
1146231328141011	1146231353169011	1146231329690011
1146231339016088	1146231361450550	1146231338653011
1146231345408088	1146231369766857	1146231346599165
1146231352804780	1146231378090011	1146231354670319
1146231360763780	1146231386387242	1146231362911780
1146231371433088	1146231394705396	1146231371954627
1146231378891550	1146231403022934	1146231380452780
1146231384998550	1146231411355165	1146231386850242
1146231393904396	1146231419664473	1146231395703857
1146231402610627	1146231427976396	1146231404776165
1146231411403780	1146231436296088	1146231413023473
1146231419652703	1146231444619780	1146231421011550
1146231427042242	1146231452937011	1146231429187780
1146231435503165	1146231461244780	1146231437635242
1146231444903857	1146231469559780	1146231446387780
1146231452929319	1146231477879857	1146231455050550
1146231460965396	1146231486200703	1146231462509627
1146231470553088	1146231494514550	1146231472473934
1146231477902857	1146231502898242	1146231479776473
1146231486074011	1146231511164088	1146231487691473
1146231493712396	1146231519475473	1146231495581319
1146231502404088	1146231527775473	1146231504371780
1146231510537088	1146231536117396	1146231512339242
1146231518171165	1146231544409396	1146231520151857
1146231527706550	1146231552777088	1146231528676165
1146231534312780	1146231561117703	1146231536131550
1146231542482934	1146231569407550	1146231544654242
1146231550872703	1146231577688473	1146231553117011
1146231558811550	1146231586222550	1146231560995242
1146231567012396	1146231594331165	1146231569255165
1146231576897703	1146231602629396	1146231579231780
1146231585145934	1146231610970011	1146231587311780
1146231594840396	1146231619261703	1146231596348703
1146231602433011	1146231627582319	1146231604134011
1146231610185011	1146231635910550	1146231611966627
1146231618800165	1146231644223857	1146231620841319
1146231627252088	1146231652597396	1146231629094319
1146231635974857	1146231660886011	1146231637935857
1146231643429011	1146231669166319	1146231645490857
1146231652612165	1146231677679857	1146231654091550
1146231659568780	1146231685906627	1146231661539165
1146231667826627	1146231694150242	1146231669453703
1146231675335473	1146231702488396	1146231677337396
1146231683633088	1146231710766319	1146231685766242
1146231692055780	1146231719093088	1146231694167473
1146231699749627	1146231727385703	1146231702019550
1146231709036396	1146231735728396	1146231710986319
1146231719095550	1146231744031780	1146231720777319
1146231727783242	1146231752345011	1146231729395857
1146231735781703	1146231760664473	1146231736956088
1146231743648473	1146231768973011	1146231745385396
1146231752181703	1146231777293011	1146231754061088
1146231760076703	1146231785610857	1146231762026934
1146231770152703	1146231793967242	1146231771562319
1146231777040703	1146231802269011	1146231779031550
0	1146231810546627	1146231802118550
1146231801404473	1146231818867780	1146231804101703
1146231804649703	1146231827206550	1146231805570011
1146231809042627	1146231835500780	1146231810960780
1146231817912473	1146231843823780	1146231819632396
1146231825387242	1146231852149396	1146231827092088
1146231834143165	1146231860458627	1146231836284704
1146231843333396	1146231868782242	1146231845101934
1146231850923473	1146231877098011	1146231853109934
1146231860980165	1146231885447550	1146231862254627
1146231869356165	1146231893729319	1146231870495550
1146231877152396	1146231902050242	1146231878585088
1146231884801319	1146231910359473	1146231886369088
1146231893259242	1146231918674242	1146231894962857
1146231900865396	1146231926990934	1146231902814319
1146231909590627	1146231935300088	1146231911616165
1146231917990627	1146231943622550	1146231919893934
1146231925127473	9223372036854775807	1146231927250627
