8333333
1146143121731467	1146143147945006	1146143124337698
1146143130569698	1146143156207775	1146143133295775
1146143136861929	1146143164505314	1146143139348391
1146143145494852	1146143172852698	1146143147804467
1146143153524160	1146143181140083	1146143156073314
1146143162818852	1146143189447544	1146143164983467
1146143171229083	1146143197766621	1146143173449698
1146143179723852	1146143206100391	1146143181920467
1146143188290237	1146143214393006	1146143190266006
1146143197093083	1146143222713621	1146143199365314
1146143204583237	1146143231023852	1146143206916160
1146143212972467	1146143239500160	1146143215184083
1146143221327467	1146143247657083	1146143223460467
1146143229884083	1146143256006237	1146143232141006
1146143238647467	1146143264342621	1146143240967544
1146143246097314	1146143272604391	1146143248330621
1146143254564160	1146143280959775	1146143256858544
1146143263187775	1146143289289083	1146143265292391
1146143271729314	1146143297645006	1146143274075467
1146143280909006	1146143305878852	1146143283137391
1146143289146237	1146143314224467	1146143291502621
1146143297488391	1146143322565929	1146143298986621
1146143305406544	1146143330851775	1146143307457698
1146143314552160	1146143339168698	1146143316313006
1146143322059237	1146143347453621	1146143324278237
1146143330251544	1146143355761314	1146143332558237
1146143339543852	1146143364108467	1146143340930314
1146143347507467	1146143372396160	1146143349072083
1146143357985314	1146143380711467	1146143357682544
1146143364160467	1146143389070237	1146143365531237
1146143372406544	1146143397347467	1146143373852083
1146143380822621	1146143405656160	1146143382068083
1146143390633391	1146143413981314	1146143391846314
1146143397890237	1146143422284391	1146143399248467
1146143404803852	1146143430605391	1146143406740083
1146143413644391	1146143438930621	1146143415243775
1146143421603775	1146143447318314	1146143423231775
1146143430278621	1146143455561929	1146143431858852
1146143437982544	1146143463880698	1146143439757698
1146143446894621	1146143472185391	1146143448799775
1146143454970621	1146143480517006	1146143456954621
1146143463157314	1146143488818237	1146143465106314
1146143473470544	1146143497158929	1146143474462852
1146143481627467	1146143505473391	1146143482610237
1146143488887852	1146143513780391	1146143490130929
1146143498894852	1146143522189314	1146143500490314
0	1146143530442621	1146143522171852
1146143519807852	1146143538776698	1146143523943467
1146143524412160	1146143547066929	1146143525677314
1146143528839237	1146143555392391	1146143531109314
1146143538067544	1146143563717391	1146143540188160
1146143547703775	1146143572024698	1146143549192467
1146143555753083	1146143580351775	1146143556868467
1146143563993698	1146143588660467	1146143565206929
1146143571337083	1146143596997391	1146143573024698
1146143579893929	1146143605329929	1146143581930929
1146143588524160	1146143613823544	1146143591035775
1146143597060160	1146143621960391	1146143598372160
1146143605431160	1146143630327467	1146143606684698
1146143613775544	1146143638611775	1146143615431852
1146143622079467	1146143646910929	1146143623107852
1146143632593698	1146143655246852	1146143632318544
1146143638949929	1146143663717698	1146143640690314
1146143648394006	1146143671876775	1146143649029314
1146143654275775	1146143680199237	1146143656151775
1146143663282929	1146143688524467	1146143665579852
1146143672375237	1146143696834544	1146143673806621
1146143680240775	1146143705261006	1146143681705391
1146143688531852	1146143713488083	1146143689849314
1146143696233391	1146143721807160	1146143697596160
1146143705592467	1146143730161698	1146143707382237
1146143712681314	1146143738435775	1146143714734314
1146143721327160	1146143746760467	1146143723249083
1146143730688467	1146143755078006	1146143732115852
1146143738098621	1146143763400160	1146143739625391
1146143746093621	1146143771733698	1146143747968775
1146143754063467	1146143780045621	1146143755774544
1146143762539160	1146143788355467	1146143764302237
1146143770258237	1146143796700775	1146143771946929
1146143778075160	1146143805017006	1146143780282314
1146143786540698	1146143813316467	1146143788633698
1146143794469391	1146143821650237	1146143796664160
1146143803736160	1146143830084391	1146143805713083
1146143813068083	1146143838346314	1146143815311237
1146143821030544	1146143846585929	1146143823185083
1146143829979852	1146143854909083	1146143831790006
1146143838240083	1146143863231852	1146143840202544
1146143847892698	1146143871533698	1146143849219852
1146143855445006	1146143879846006	1146143857017698
1146143863183467	1146143888254544	1146143864486929
1146143871601698	1146143896478621	1146143873291544
1146143879305391	1146143904804467	1146143881055467
1146143888276391	1146143913111544	1146143889979237
1146143895536083	1146143921424698	1146143897311467
1146143903579467	1146143929738929	1146143905447237
1146143911833083	1146143938048775	1146143913640160
1146143919882237	1146143946376391	1146143921835160
1146143927842314	1146143954765006	1146143929937391
1146143936483544	1146143963019544	1146143938371467
1146143945340467	1146143971319852	1146143947319544
1146143952893391	1146143979687775	1146143955020160
1146143962723775	1146143987974852	1146143964221391
1146143971328698	1146143996317006	1146143973066544
1146143979375852	1146144004657929	1146143980899160
1146143987362544	1146144012906237	1146143989252160
1146143995630006	1146144021238929	1146143997326544
1146144004608698	1146144029541621	1146144006156391
0	1146144037853083	1146144029279775
1146144028258237	1146144046179775	1146144031011237
1146144031857391	1146144054495160	1146144034726006
1146144035936467	1146144062810621	1146144037190314
1146144044550929	1146144071112083	1146144046645391
1146144052830544	1146144079476160	1146144054702006
1146144061206006	1146144087839468	1146144063066621
1146144069626237	1146144096095160	1146144071589698
1146144079452160	1146144104388160	1146144080745621
1146144087421006	1146144112754237	1146144089347775
1146144096187160	1146144121051468	1146144098362621
1146144103358006	1146144129350852	1146144105085083
1146144112536775	1146144137651468	1146144114040698
1146144121446314	1146144145968083	1146144122900468
1146144130387544	1146144154279160	1146144131818237
1146144136441006	1146144162778621	1146144137996775
1146144144746929	1146144170913698	1146144146553621
1146144152942006	1146144179232391	1146144154749314
1146144160405006	1146144187562314	1146144162459852
1146144167817698	9223372036854775807	1146144170191160
