8333333
1146301167634246	1146301193060708	1146301169559861
1146301175128092	1146301201393631	1146301176939477
1146301185135554	1146301209707861	1146301185765400
1146301190478554	1146301218022554	1146301193284477
1146301199716785	1146301226399246	1146301201837631
1146301209081708	1146301234674015	1146301211005631
1146301218198861	1146301242969708	1146301219793631
1146301225535246	1146301251280400	1146301227460785
1146301233931477	1146301259656400	1146301235482246
1146301242674938	1146301267924477	1146301244349631
1146301249611785	1146301276274554	1146301251558938
1146301259765092	1146301284551554	1146301261006861
1146301267317323	1146301292916400	1146301268803477
1146301275658938	1146301301275554	1146301277482246
1146301283899554	1146301309520092	1146301285741400
1146301301340400	1146301317827169	1146301303173015
1146301303625092	1146301326149631	1146301305146938
1146301308599169	1146301334473092	1146301309918938
1146301317160708	1146301342783785	1146301319118323
1146301325059554	1146301351095169	1146301327011785
1146301332968785	1146301359413400	1146301334938323
1146301344422631	1146301367731861	1146301343978246
1146301351058554	1146301376095169	1146301352606554
1146301358562861	1146301384378323	1146301360577938
1146301366245631	1146301392686861	1146301368297708
1146301375960708	1146301401010631	1146301377463861
1146301384759785	1146301409328708	1146301385897938
1146301392732169	1146301417645323	1146301394774938
1146301401287477	1146301426009015	1146301403298554
1146301408799554	1146301434276708	1146301410594323
1146301417207246	1146301442593938	1146301419240477
1146301424973092	1146301450905938	1146301427108785
1146301434062015	1146301459228477	1146301436190323
1146301441864477	1146301467553323	1146301444123246
1146301452318631	1146301475870861	1146301453557631
1146301459717092	1146301484179169	1146301460473015
1146301466335861	1146301492523785	1146301468473708
1146301475254861	1146301500826015	1146301477360092
1146301485335246	1146301509130015	1146301487285708
1146301491194246	1146301517446938	1146301493392092
1146301500223477	1146301525762015	1146301502332092
1146301508847785	1146301534127246	1146301510570015
1146301516720092	1146301542471554	1146301519265092
1146301524537708	1146301550716092	1146301526489400
1146301534261400	1146301559034015	1146301536542631
1146301542486554	1146301567346631	1146301544253938
1146301549467477	1146301575686631	1146301551821631
1146301558649323	1146301583980785	1146301561061938
1146301566249708	1146301592296477	1146301568150631
1146301573592785	1146301600623246	1146301575172092
1146301582317631	1146301608948400	1146301584295246
1146301590733015	1146301617252092	1146301592658246
1146301599008477	1146301625580092	1146301600981400
1146301608210323	1146301633902554	1146301610308400
1146301615634631	1146301642242938	1146301617660477
1146301624582554	1146301650523169	1146301626286631
1146301633333092	1146301658909708	1146301635677092
1146301641122554	1146301667154246	1146301643370554
1146301650529323	1146301675520785	1146301651861631
1146301658207554	1146301683792169	1146301660304400
1146301666576169	1146301692102554	1146301668574862
1146301674606938	1146301700452169	1146301676501400
1146301682786015	1146301708747246	1146301684376092
1146301691149708	1146301717097631	1146301692876477
1146301698975169	1146301725419554	1146301700120477
1146301707283785	1146301733700785	1146301709214938
1146301716761323	1146301742039785	1146301718542631
1146301724782246	1146301750378631	1146301726253938
1146301733410323	1146301758740092	1146301734650246
1146301742394323	1146301766985015	1146301743378862
1146301750470246	1146301775281015	1146301752439169
1146301758133400	1146301783604400	1146301759977015
1146301766673092	1146301791937631	1146301768368400
1146301773874246	1146301800235785	1146301775752477
1146301782258015	1146301808607862	1146301783888785
1146301789758938	1146301816883862	1146301791740477
1146301805835477	1146301825187169	1146301808515785
1146301807277015	1146301833506246	1146301810199554
1146301814171554	1146301841818015	1146301816463477
1146301824853708	1146301850153631	1146301826407554
1146301832232400	1146301858532400	1146301834156708
1146301840673092	1146301866780169	1146301842267862
1146301850138631	1146301875099862	1146301851365092
1146301858215785	1146301883429400	1146301859581400
1146301866574015	1146301891757631	1146301868356708
1146301874121400	1146301900069400	1146301875947246
1146301882583785	1146301908396169	1146301884452785
1146301891155169	1146301916706554	1146301893152785
1146301899733631	1146301925036785	1146301901633708
1146301908827246	1146301933352708	1146301910449631
1146301915006862	1146301941671477	1146301917064169
1146301923812477	1146301949997631	1146301925516708
1146301931419169	1146301958324708	1146301933350554
1146301939326323	1146301966637015	1146301941518246
1146301948172477	1146301975087785	1146301950510554
1146301955744169	1146301983321708	1146301957959785
1146301964261092	1146301991632708	1146301966496169
1146301974432169	1146301999951246	1146301975971554
1146301982478554	1146302008263785	1146301984293708
1146301990001323	1146302016652785	1146301992150938
1146302001027246	1146302024888708	1146302002677015
1146302007573400	1146302033200092	1146302009277400
1146302015489400	1146302041495246	1146302017699477
1146302023966015	1146302049850246	1146302025837938
1146302032683477	1146302058207477	1146302034819785
1146302040608169	1146302066460477	1146302042765631
1146302049087477	1146302074807246	1146302050806862
1146302057154323	1146302083213092	1146302058929323
1146302066370862	1146302091415477	1146302068294862
1146302073733092	1146302099762246	1146302075779862
1146302081860708	1146302108063554	1146302084185015
1146302091710862	1146302116357015	1146302093385708
1146302098848092	1146302124687477	1146302100840785
1146302106891785	1146302133003169	1146302108903862
1146302115959785	1146302141363246	1146302118129092
1146302124949938	1146302149633323	1146302126877400
1146302132145631	1146302158066554	1146302134093938
1146302141413092	1146302166269400	1146302143190554
1146302148747477	1146302174585015	1146302151016708
1146302156980169	1146302182896477	1146302159027785
1146302166234323	1146302191220169	1146302168222323
1146302174293938	1146302199542246	1146302175862862
1146302181480092	1146302207859477	1146302183203785
1146302190168169	1146302216167862	1146302191920708
1146302197746631	1146302224485938	1146302199966323
1146302206258554	1146302232801323	1146302208305708
1146302214530554	9223372036854775807	1146302216517708
