8333333
0	1145826912022910	1145826902384372
1145826901498526	1145826920370526	1145826903944987
1145826904703526	1145826928701910	1145826905831141
1145826910271833	1145826937064987	1145826912642295
1145826919195833	1145826945380372	1145826921562833
1145826928188141	1145826953728679	1145826930412679
1145826936106910	1145826962070910	1145826938387449
1145826944933372	1145826970415449	1145826946857295
1145826952335218	1145826978745987	1145826954293987
1145826961594218	1145826987098833	1145826963627526
1145826972624987	1145826995431218	1145826972968679
1145826979081987	1145827003777064	1145826980657295
1145826986910910	1145827012250602	1145826988849910
1145826994120064	1145827020449987	1145826996247526
1145827002914218	1145827028781910	1145827005073910
1145827013644987	1145827037119449	1145827014163526
1145827019572141	1145827045468372	1145827021600756
1145827027406295	1145827053860987	1145827029398910
1145827035844141	1145827062153602	1145827037901295
1145827043732064	1145827070488141	1145827045648679
1145827052875833	1145827078832756	1145827054913064
1145827062084449	1145827087164372	1145827064330833
1145827069962602	1145827095500372	1145827071868987
1145827078288449	1145827103854602	1145827080239141
1145827086055218	1145827112180987	1145827088188064
1145827094629910	1145827120570218	1145827096761064
1145827102935526	1145827128892987	1145827105075756
1145827112721679	1145827137196756	1145827114330218
1145827121593679	1145827145528141	1145827123190602
1145827129152141	1145827153903449	1145827131060679
1145827137566526	1145827162235526	1145827139387833
1145827144537064	1145827170578602	1145827146523449
1145827155588679	1145827178903449	1145827155813910
1145827161902295	1145827187244756	1145827163732372
1145827170722218	1145827195603756	1145827172089064
1145827178413064	1145827203937372	1145827180069602
1145827189422526	1145827212259833	1145827190541064
1145827194949064	1145827220597987	1145827196888449
1145827203417295	1145827228944141	1145827205392449
1145827213822218	1145827237268064	1145827214857064
1145827219730910	1145827245615141	1145827221591526
1145827228414910	1145827253955526	1145827230468141
1145827237663449	1145827262297602	1145827239280449
1145827245795833	1145827270642833	1145827247392679
1145827253306602	1145827278972141	1145827254805987
1145827261764141	1145827287319141	1145827263704679
1145827269956372	1145827295659141	1145827272061295
1145827278866295	1145827303987526	1145827280249064
1145827286956141	1145827312328449	1145827288552987
1145827295590218	1145827320685064	1145827297306602
1145827304937679	1145827329141910	1145827306511526
1145827311534295	1145827337344679	1145827313488449
1145827319822910	1145827345733679	1145827321588756
1145827331116679	1145827354049679	1145827332429602
1145827336373602	1145827362451756	1145827339297372
1145827345360449	1145827370729602	1145827347538910
1145827355188141	1145827379097910	1145827356384679
1145827362186526	1145827387378295	1145827364057987
1145827369971218	1145827395832141	1145827371929679
1145827378047756	1145827404119218	1145827380110526
0	1145827412420987	1145827407447526
1145827401521602	1145827420765372	1145827409098602
1145827410475526	1145827429144064	1145827412785295
1145827412782295	1145827437432756	1145827414443141
1145827419621064	1145827445772987	1145827421768372
1145827428202526	1145827454110910	1145827430357064
1145827436464987	1145827462463449	1145827438741910
1145827444672372	1145827470942526	1145827446708141
1145827453224064	1145827479117295	1145827455529064
1145827461926833	1145827487443833	1145827463924449
1145827470530526	1145827495784449	1145827472610602
1145827478280372	1145827504245295	1145827480342602
1145827486613064	1145827512461910	1145827488806833
1145827493801679	1145827520801295	1145827495980449
1145827501210218	1145827529143218	1145827503733910
1145827511271218	1145827537480987	1145827513187141
1145827519450526	1145827545829295	1145827521502602
1145827526575526	1145827554358602	1145827528839449
1145827534975141	1145827562577910	1145827537169910
1145827543273372	1145827570888449	1145827545549295
1145827552309602	1145827579385372	1145827554562526
1145827561749064	1145827587632372	1145827563730833
1145827570432987	1145827595928372	1145827572558602
1145827578420987	1145827604216064	1145827580560679
1145827586964756	1145827612551218	1145827589116372
1145827596132679	1145827621067449	1145827598128756
1145827604487449	1145827629263526	1145827606585910
1145827611980449	1145827637568141	1145827614132449
1145827621276372	1145827645911833	1145827623470833
1145827629804756	1145827654296449	1145827631618526
1145827637129987	1145827662576679	1145827639053295
1145827644067833	1145827670995449	1145827646308987
1145827651430218	1145827679248679	1145827653753679
1145827659455141	1145827687595833	1145827661876987
1145827668425064	1145827695942295	1145827670619756
1145827676424756	1145827704444449	1145827678675141
1145827684691218	1145827712735833	1145827686936372
1145827695819526	1145827721097679	1145827698183449
1145827704623141	1145827729303833	1145827706716679
1145827712312372	1145827737636679	1145827714201064
1145827720357910	1145827746073602	1145827722713679
1145827728717295	1145827754355756	1145827730732372
1145827736636141	1145827762658602	1145827738595141
1145827744923141	1145827770994295	1145827747436987
1145827752959756	1145827779328141	1145827755028679
1145827763882833	1145827787714295	1145827765891526
1145827769797064	1145827796004449	1145827771791218
1145827778073602	1145827804457679	1145827780242526
1145827786907526	1145827812708987	1145827789166602
1145827795417064	1145827821024679	1145827797374602
1145827802270833	1145827829383218	1145827804459756
1145827810632064	1145827838132064	1145827812801295
1145827819239833	1145827846054910	1145827821583756
1145827828436449	1145827854378833	1145827830707449
1145827837657295	1145827862723756	1145827840430833
1145827845385602	1145827871073679	1145827847416372
1145827853819526	1145827879554218	1145827855724372
1145827861580449	1145827887762603	1145827863612141
1145827870200372	1145827896200679	1145827872413910
1145827878666218	1145827904561295	1145827881017603
1145827896786295	1145827912803756	1145827900700064
1145827898993603	1145827921117603	1145827902409064
1145827903007218	1145827929480372	1145827904298910
1145827911690218	1145827937809987	1145827914264679
1145827920214910	1145827946123141	1145827922700141
1145827929003449	1145827954529372	1145827931004679
1145827937104141	9223372036854775807	1145827939286603
