8333333
1146236738184088	1146236767819781	1146236740162550
1146236746331781	1146236776143550	1146236748402550
1146236758002858	1146236784451473	1146236759442319
1146236764519858	1146236792778242	1146236765825935
1146236772574935	1146236801090242	1146236774027858
1146236778824704	1146236809425627	1146236780762550
1146236787783550	1146236817715781	1146236789716165
1146236796908473	1146236826036704	1146236798065088
1146236805339858	1146236834389088	1146236807352704
1146236813762011	1146236842709627	1146236814938242
1146236821615781	1146236851000781	1146236823714242
1146236830185935	1146236859323165	1146236831987781
1146236839286011	1146236867662550	1146236840862935
1146236846178011	1146236875961396	1146236848191550
1146236855667242	1146236884290858	1146236857690627
1146236866086011	1146236892648704	1146236868190011
1146236872634319	1146236900928165	1146236874164088
1146236879338242	1146236909250858	1146236881221396
1146236888246858	1146236917574858	1146236890053935
1146236895467242	1146236925906935	1146236897503242
1146236903482550	1146236934232473	1146236905441396
1146236912663858	1146236942554011	1146236914707858
1146236921209704	1146236950869011	1146236923108704
1146236931363165	1146236959194627	1146236933201396
1146236940610011	1146236967511242	1146236942033011
1146236947397396	1146236975843473	1146236948823550
1146236953937704	1146236984139242	1146236955686627
1146236962754858	1146236992467242	1146236964722242
1146236971169627	1146237000794550	1146236972915165
1146236979831858	1146237009117627	1146236981848704
1146236989469012	1146237017440165	1146236991011242
1146236996133396	1146237025737704	1146236997934012
1146237004243781	1146237034061012	1146237006376473
1146237012481935	1146237042377627	1146237014440704
1146237021434935	1146237050697627	1146237023419473
1146237028938550	1146237059038935	1146237030929012
1146237040905627	1146237067338550	1146237041930627
1146237044729935	1146237075636396	1146237047616165
1146237053354858	1146237083949704	1146237055209627
1146237061579550	1146237092275242	1146237063598550
1146237071118550	1146237100608396	1146237072896396
1146237077829319	1146237108901088	1146237079635242
1146237086637012	1146237117228704	1146237088244088
1146237096344473	1146237125536396	1146237097897012
1146237102524781	1146237133860165	1146237104289088
1146237111320165	1146237142172165	1146237113269396
1146237120399165	1146237150494858	1146237122347242
1146237129909935	1146237158805012	1146237131477012
1146237138188781	1146237167116704	1146237140155781
1146237145430012	1146237175440704	1146237147677704
1146237154069012	1146237183767858	1146237155994858
1146237162689704	1146237192072704	1146237164825319
1146237169482319	1146237200387165	1146237171621396
1146237180608781	1146237208706627	1146237182202319
1146237188065935	1146237217024781	1146237190068473
1146237195589935	1146237225341704	1146237197655550
1146237205940396	1146237233671242	1146237207125012
1146237211705012	1146237241972704	1146237213821627
1146237221137627	1146237250291242	1146237223178627
1146237228817012	1146237258613319	1146237230885627
1146237238496704	1146237266933935	1146237240230242
1146237245977088	1146237275242550	1146237247408704
1146237254380704	1146237283571858	1146237255984165
1146237262119781	1146237291871473	1146237263089935
1146237270043781	1146237300204396	1146237271797704
1146237277358319	1146237308513396	1146237279116396
1146237285882319	1146237316899473	1146237287695858
1146237295522627	1146237325140165	1146237298010858
1146237304764165	1146237333465012	1146237306333627
1146237312330858	1146237341789012	1146237314237088
1146237319708088	1146237350098242	1146237321786319
1146237327233935	1146237358406858	1146237329319242
1146237337353704	1146237366772088	1146237339212704
1146237343621627	1146237375049396	1146237345917627
1146237352080088	1146237383401088	1146237354166550
1146237360589396	1146237391694627	1146237362537704
1146237374146935	1146237400061088	1146237376246550
1146237378159550	1146237408447858	1146237379828473
1146237388166858	1146237416633704	1146237389839550
1146237395087473	1146237424963473	1146237397190550
1146237404639242	1146237433270858	1146237406711550
1146237413070627	1146237441590858	1146237415353319
1146237419511781	1146237449927781	1146237421740473
1146237427528704	1146237458348165	1146237429620781
1146237436613704	1146237466556088	1146237438649704
1146237445295165	1146237474898242	1146237447503473
1146237455270319	1146237483171781	1146237457625627
1146237462312473	1146237491489396	1146237464438012
1146237470557088	1146237499841319	1146237472897627
1146237478078627	1146237508127473	1146237480029396
1146237485270012	1146237516449319	1146237487476473
1146237493568396	1146237524768781	1146237495499473
1146237502877319	1146237533089935	1146237504684396
1146237508990012	1146237541406627	1146237511333627
1146237517634012	1146237549761012	1146237519926627
1146237526146012	1146237558050550	1146237528382935
1146237535418242	1146237566374858	1146237537309627
1146237544968704	1146237574673935	1146237547555165
1146237554438627	1146237583007165	1146237556556088
1146237562257627	1146237591312396	1146237564393012
1146237570046242	1146237599629396	1146237572216396
1146237578071473	1146237607951242	1146237580114627
1146237587621704	1146237616295858	1146237589386627
1146237596295473	1146237624646012	1146237597891242
1146237602279165	1146237632957012	1146237604450012
1146237612832781	1146237641241704	1146237614922242
1146237622127473	1146237649590858	1146237624489012
1146237629886858	1146237657862012	1146237632535550
1146237636424781	1146237666182858	1146237638774550
1146237644967858	1146237674492396	1146237647057396
1146237652356473	1146237682815473	1146237654428165
1146237665513088	1146237691143858	1146237666591473
1146237669723165	1146237699448704	1146237672536704
1146237677822242	1146237707768704	1146237679831858
1146237687043473	1146237716102627	1146237688922012
1146237696096704	1146237724425396	1146237697527858
1146237703004165	1146237732742319	1146237704943473
1146237711414858	1146237741083781	1146237713453935
1146237721872781	1146237749365935	1146237724069088
1146237729786935	1146237757690627	1146237731928473
1146237738423473	1146237766166627	1146237740566935
1146237745929012	1146237774374627	1146237747851473
1146237753374935	1146237782644396	1146237755223242
1146237763919550	1146237790960396	1146237765819550
1146237772553396	1146237799298319	1146237774377704
1146237781125088	1146237807623165	1146237782970935
1146237788578012	9223372036854775807	1146237790319242
