8333333
1145768214933676	1145768240088368	1145768217296368
1145768223165907	1145768248384445	1145768224772984
1145768230623830	1145768256731214	1145768232597984
1145768239753907	1145768265079214	1145768241423137
1145768248297060	1145768273405368	1145768249749599
1145768256594214	1145768281751830	1145768258264137
1145768265000676	1145768290110907	1145768266450214
1145768273340753	1145768298433060	1145768274811214
1145768280655137	1145768306775445	1145768282515445
1145768290094214	1145768315154599	1145768291664984
1145768298030907	1145768323450830	1145768300142522
1145768306904445	1145768331810291	1145768308338522
1145768314642830	1145768340126599	1145768316269599
1145768322272137	1145768348472137	1145768324122830
1145768331380753	1145768356861984	1145768333271445
1145768350979753	1145768365164676	1145768355089599
1145768354343753	1145768373512060	1145768356765599
1145768357788368	1145768381962214	1145768360155522
1145768364560984	1145768390184445	1145768366583214
1145768373074830	1145768398534907	1145768375199137
1145768381230214	1145768406861060	1145768383820445
1145768388764676	1145768415199214	1145768390924137
1145768397557291	1145768423533291	1145768399538830
1145768405161984	1145768431933907	1145768407113060
1145768415895830	1145768440256753	1145768416774522
1145768423253599	1145768448562214	1145768424920984
1145768431573368	1145768456899830	1145768433559753
1145768440954907	1145768465237676	1145768441814522
1145768447634291	1145768473584753	1145768448923522
1145768455803830	1145768481922599	1145768457480137
1145768464985676	1145768490271753	1145768466514830
1145768472435214	1145768498624060	1145768474140445
1145768481399214	1145768506973060	1145768482765599
1145768489826291	1145768515285368	1145768491640984
1145768498954907	1145768523638291	1145768500217060
1145768506386599	1145768532180061	1145768508464676
1145768515013984	1145768540305061	1145768516689676
1145768522927214	1145768548644061	1145768524657984
1145768531431830	1145768557006214	1145768533018522
1145768538960137	1145768565327830	1145768540898830
1145768548192061	1145768573661907	1145768549854907
1145768556703753	1145768582004137	1145768558180061
1145768567258522	1145768590348753	1145768568414291
1145768574752676	1145768598694291	1145768575952061
1145768581304061	1145768607094830	1145768582872368
1145768590397599	1145768615400984	1145768591809061
1145768598000753	1145768623805368	1145768600229291
1145768606159137	1145768632074291	1145768608221291
1145768615652676	1145768640384445	1145768617779214
1145768623186830	1145768648726291	1145768625421061
1145768632267137	1145768657206214	1145768633747137
1145768640158291	1145768665540676	1145768641709368
1145768648695137	1145768673901676	1145768649685907
1145768656285907	1145768682110599	1145768658349599
1145768665176137	1145768690437984	1145768667110522
1145768673228676	1145768698779137	1145768675210214
1145768682162599	1145768707109061	1145768684323214
1145768691344984	1145768715451830	1145768692900061
1145768697930907	1145768723793599	1145768699585676
1145768707118830	1145768732197907	1145768708582599
1145768714478907	1145768740483753	1145768716297368
1145768722857291	1145768748816445	1145768724860676
1145768732292445	1145768757183522	1145768734186291
1145768740408061	1145768765537291	1145768741734599
1145768748390522	1145768773861291	1145768749769368
1145768758275445	1145768782209291	1145768758758291
1145768765873984	1145768790526522	1145768767694291
1145768773293368	1145768798874907	1145768775101368
1145768782454830	1145768807269599	1145768784386599
1145768789933907	1145768815578907	1145768791921061
1145768800608984	1145768823876445	1145768801305599
1145768807610599	1145768832242291	1145768808454599
1145768815332984	1145768840561368	1145768817064753
1145768822553599	1145768848896445	1145768824312984
1145768830045984	1145768857242291	1145768832073368
1145768846838522	1145768865581907	1145768851417599
1145768848456984	1145768873924753	1145768853124368
1145768854374214	1145768882300368	1145768856489291
1145768862988061	1145768890623522	1145768865149907
1145768872662599	1145768898949061	1145768874232676
1145768880538599	1145768907301599	1145768882320061
1145768890504445	1145768915625061	1145768891966291
1145768898686291	1145768924024137	1145768900606599
1145768907340137	1145768932351214	1145768908889061
1145768914663753	1145768940962214	1145768916844061
1145768923349676	1145768949142599	1145768924956445
1145768931390907	1145768957322830	1145768933245907
1145768941123445	1145768965672137	1145768942426214
1145768948684137	1145768974003137	1145768949775445
1145768957233368	1145768982346214	1145768959073907
1145768964000137	1145768990677061	1145768965869676
1145768971967830	1145768999079753	1145768974022522
1145768980096061	1145769007375522	1145768982238522
1145768988641984	1145769015703830	1145768990884676
1145768996860061	1145769024079137	1145768999036137
1145769006321984	1145769032402907	1145769008164368
1145769014775137	1145769040732061	1145769017044368
1145769025655445	1145769049069061	1145769026475753
1145769034875445	1145769057449599	1145769036610907
1145769040412445	1145769065759753	1145769041650907
1145769047814522	1145769074205676	1145769049786291
1145769056892368	1145769082430599	1145769059108984
1145769066059445	1145769090763214	1145769067606214
1145769074136368	1145769099178907	1145769075748061
1145769082368368	1145769107438291	1145769083664137
1145769090183214	1145769115783137	1145769091743214
1145769099201061	1145769124116984	1145769100549599
1145769107017907	1145769132463214	1145769108569291
1145769114351753	1145769140806522	1145769116325368
1145769123857984	1145769149158214	1145769125522522
1145769131360984	1145769157493368	1145769133075830
1145769139392753	1145769165864137	1145769141529368
1145769148393368	1145769174170830	1145769150165599
1145769156588061	1145769182524061	1145769158466907
1145769165715445	1145769190863830	1145769167369368
1145769172737599	1145769199222599	1145769174393368
1145769182709599	1145769207621061	1145769183411753
1145769190055522	1145769215909907	1145769191745676
1145769198538599	1145769224250214	1145769200300753
1145769207032676	1145769232606830	1145769209224984
1145769216390291	1145769240959522	1145769218012984
1145769224311830	1145769249264137	1145769226166214
1145769231785907	1145769257608368	1145769233893291
1145769241488753	1145769265949676	1145769243227522
1145769248786291	1145769274318907	1145769250160368
1145769256684676	9223372036854775807	1145769258488368
1145769264266291	9223372036854775807	1145769266120753
