8333333
1146101994141619	1146102018034003	1146101995498003
1146102000766311	1146102026406927	1146102002818927
1146102010032465	1146102034665311	1146102011901388
1146102017814311	1146102042993619	1146102019915850
1146102026147234	1146102051385080	1146102027811773
1146102033965696	1146102059620388	1146102035997927
1146102042895773	1146102068046234	1146102044618003
1146102050379157	1146102076255850	1146102052421619
1146102059149619	1146102084558927	1146102061063773
1146102067137003	1146102092969311	1146102069065003
1146102075098850	1146102101251157	1146102077016465
1146102082766234	1146102109515234	1146102084875465
1146102091712465	1146102117916465	1146102093948080
1146102100473619	1146102126165003	1146102103123850
1146102108729927	1146102134479773	1146102111143157
1146102118171465	1146102142790003	1146102119947542
1146102124607157	1146102151126542	1146102126720465
1146102134158927	1146102159429619	1146102135888773
1146102141210003	1146102167749927	1146102143355157
1146102150577003	1146102176180465	1146102152281311
1146102158781388	1146102184373388	1146102160690234
1146102167157619	1146102192702003	1146102168638003
1146102176499773	1146102201049311	1146102177678619
1146102185042003	1146102209327542	1146102186197619
1146102193575850	1146102217699157	1146102194716465
1146102201393696	1146102225974234	1146102202945927
1146102208894311	1146102234318850	1146102210308080
1146102217249003	1146102242616465	1146102218525619
1146102225365080	1146102250933927	1146102226572465
1146102234837080	1146102259247542	1146102236339465
1146102242942927	1146102267565003	1146102244286542
1146102250014542	1146102275960080	1146102251548080
1146102259185311	1146102284204388	1146102261017927
1146102267536080	1146102292545696	1146102269010850
1146102275654234	1146102300877388	1146102277585619
1146102283411850	1146102309349003	1146102285179773
1146102292282927	1146102317493388	1146102293810311
1146102300214927	1146102325820388	1146102301659850
1146102309017388	1146102334138619	1146102310080773
1146102317634234	1146102342459850	1146102319465003
1146102324446003	1146102350795542	1146102326422542
1146102333515850	1146102359102850	1146102335018927
1146102342404157	1146102367444157	1146102343877927
1146102350023465	1146102375754003	1146102352209080
1146102359116696	1146102384155773	1146102361152696
1146102368815850	1146102392369080	1146102370342542
1146102375546003	1146102400811157	1146102377004388
1146102383022850	1146102409025311	1146102384859157
1146102391568773	1146102417340696	1146102393282619
1146102401813311	1146102425652388	1146102404092157
0	1146102433956465	1146102422518003
1146102423906927	1146102442280157	1146102425890619
1146102426664157	1146102450712465	1146102427847773
1146102432551773	1146102458913080	1146102434518927
1146102442172696	1146102467243542	1146102444391157
1146102449824696	1146102475546927	1146102451863234
1146102457729388	1146102483881619	1146102459631850
1146102466531773	1146102492207157	1146102468450850
1146102474766619	1146102500570311	1146102476819542
1146102482606619	1146102508819773	1146102484413003
1146102491953619	1146102517143850	1146102493646311
1146102499880773	1146102525575773	1146102501622003
1146102507573388	1146102533776773	1146102509704157
1146102516517619	1146102542147850	1146102518658003
1146102525626003	1146102550417311	1146102527710619
1146102533057927	1146102558758234	1146102534582003
1146102542228157	1146102567037388	1146102544258311
1146102550505003	1146102575374619	1146102552621388
1146102557942311	1146102583798542	1146102560181619
1146102566492157	1146102591993388	1146102568948773
1146102576332080	1146102600324157	1146102577908465
1146102584766619	1146102608631542	1146102586154927
1146102592421311	1146102616950850	1146102593996388
1146102599689619	1146102625328388	1146102601538619
1146102608939157	1146102633636696	1146102610540465
1146102617364080	1146102641891850	1146102619280773
1146102624686542	1146102650219542	1146102626554619
1146102631445080	1146102658518542	1146102633804773
1146102640190234	1146102666834619	1146102641548696
1146102648398542	1146102675249927	1146102650382311
1146102657127465	1146102683586850	1146102658909080
1146102664942927	1146102691801080	1146102667011234
1146102672961388	1146102700352157	1146102675106003
1146102681221080	1146102708430927	1146102683248465
1146102691313619	1146102717000388	1146102693079542
1146102699732157	1146102725086311	1146102701930850
1146102708294003	1146102733412465	1146102710463850
1146102716291773	1146102741728157	1146102718646234
1146102725069927	1146102750022234	1146102726984157
1146102734266234	1146102758325619	1146102735513927
1146102741164157	1146102766682927	1146102742909003
1146102749695234	1146102774971157	1146102751532157
1146102758466850	1146102783278619	1146102759668696
1146102766231157	1146102791594234	1146102767702619
1146102775232465	1146102799932157	1146102776460080
1146102782541927	1146102808230927	1146102784612388
1146102790009619	1146102816695850	1146102791892696
1146102798130234	1146102824864773	1146102800084696
1146102806273004	1146102833203773	1146102808408773
1146102814470542	1146102841516696	1146102816658542
1146102822319157	1146102849818850	1146102824573696
1146102831106542	1146102858138619	1146102832940465
1146102842045080	1146102866460696	1146102843007465
1146102848832696	1146102874775157	1146102850353927
1146102857664465	1146102883083773	1146102859100696
1146102867806234	1146102891413696	1146102869828388
1146102873368157	1146102899800773	1146102876250619
1146102883395157	1146102908100465	1146102884977619
1146102890320080	1146102916360465	1146102891785311
1146102898908157	1146102924664696	1146102901239157
1146102907763234	1146102932977311	1146102909412157
0	1146102941298234	1146102928107234
1146102929663542	1146102949609080	1146102930749927
1146102932255157	1146102958101619	1146102934979773
1146102939425696	1146102966260080	1146102941550542
1146102947777080	1146102974576388	1146102949965004
1146102956764465	1146102982906311	1146102958976080
1146102965384465	1146102991218542	1146102967374619
1146102973589388	1146102999521696	1146102975425619
1146102982557311	1146103007835542	1146102984350004
1146102990813696	1146103016156157	1146102992902619
1146102999052157	1146103024573619	1146103001338004
1146103007270004	1146103032840696	1146103009189696
1146103014952080	1146103041118619	1146103017036157
1146103023735157	1146103049420773	1146103025708696
1146103032172465	1146103057749696	1146103033772157
1146103041545311	9223372036854775807	1146103043424388
