8333333
1146137317470852	1146137342793082	1146137319871236
1146137325295775	1146137351082544	1146137327324390
1146137333815852	1146137359432390	1146137335726236
1146137343979544	1146137367738313	1146137345278621
1146137350823544	1146137376042006	1146137352432082
1146137358551775	1146137384366544	1146137360660082
1146137367781929	1146137392666313	1146137369875544
1146137375203467	1146137401007467	1146137377281006
1146137384588775	1146137409343467	1146137386106006
1146137392782852	1146137417640698	1146137394172775
1146137401303544	1146137425999236	1146137402498313
1146137408376159	1146137434343775	1146137410145698
1146137428946929	1146137442560082	1146137432448467
1146137432993621	1146137451108775	1146137433906929
1146137435031467	1146137459253006	1146137437213006
1146137440443544	1146137467520467	1146137441735852
1146137449802006	1146137475837313	1146137452182621
1146137458146929	1146137484177621	1146137460495775
1146137466352390	1146137492481390	1146137468762929
1146137475068467	1146137500784159	1146137477674313
1146137484323236	1146137509176390	1146137485953929
1146137493758544	1146137517410852	1146137495413929
1146137500766929	1146137525725006	1146137502957929
1146137508992082	1146137534057698	1146137511242236
1146137517474852	1146137542365082	1146137519091775
1146137525469082	1146137550677390	1146137527337621
1146137533796390	1146137558986236	1146137535733313
1146137542574852	1146137567314313	1146137544416390
1146137549620698	1146137575660390	1146137551949929
1146137559103159	1146137583944467	1146137561138621
1146137566534621	1146137592307544	1146137568591467
1146137574844390	1146137600688082	1146137576777390
1146137583828159	1146137608885698	1146137585684159
1146137591858236	1146137617368159	1146137594107236
1146137600188698	1146137625533929	1146137601989698
1146137607406006	1146137633887236	1146137609241929
1146137616400159	1146137642208390	1146137618222313
1146137625507544	1146137650469698	1146137627201006
1146137633409006	1146137658867159	1146137635363467
1146137641070544	1146137667101006	1146137643189698
1146137649480083	1146137675417083	1146137651485621
1146137657733929	1146137683779775	1146137659899544
1146137667161698	1146137692106929	1146137669008698
1146137675217313	1146137700362236	1146137676875775
1146137682698621	1146137708782929	1146137684681390
1146137691383544	1146137717049313	1146137693604467
1146137700092083	1146137725324083	1146137701819467
1146137708812159	1146137733635159	1146137710419544
1146137717706544	1146137741954313	1146137719195775
1146137724342006	1146137750268390	1146137725684775
1146137733695544	1146137758647544	1146137735170006
1146137741038852	1146137766902006	1146137743008698
1146137750175775	1146137775210544	1146137751452390
1146137760150544	1146137783548698	1146137760979467
1146137767352083	1146137791859236	1146137768165006
1146137773662313	1146137800169313	1146137775443775
1146137785077929	1146137808544775	1146137785800775
1146137793967159	1146137816821390	1146137795316467
1146137799056083	1146137825121313	1146137800726006
1146137810979159	1146137833431236	1146137812570621
1146137815690621	1146137841759159	1146137818670621
1146137824175236	1146137850128390	1146137826003544
1146137833989929	1146137858397621	1146137835559236
1146137841951544	1146137866739467	1146137843166852
1146137849231467	1146137875051544	1146137850790236
1146137859044775	1146137883460390	1146137860391544
1146137867197390	1146137891648159	1146137868393698
1146137875144083	1146137899978236	1146137877238236
1146137882170852	1146137908307236	1146137883937083
1146137890984083	1146137916598313	1146137892586544
1146137900834621	1146137924914929	1146137901974313
1146137908995852	1146137933269006	1146137910351852
1146137916133698	1146137941547159	1146137918082621
1146137932525006	1146137949860698	1146137935905698
1146137933913621	1146137958179236	1146137938946313
1146137939532390	1146137966563544	1146137940405390
1146137947694006	1146137974961313	1146137949755159
1146137956130236	1146137983215852	1146137958470544
1146137964077929	1146137991442621	1146137966302313
1146137972439236	1146137999774621	1146137974637390
1146137980875467	1146138008118621	1146137983250236
1146137989769698	1146138016538929	1146137991766621
1146137998712390	1146138024720467	1146138000544083
1146138008141698	1146138033038544	1146138010546544
1146138016402006	1146138041341313	1146138018954236
1146138024975159	1146138049669006	1146138026636390
1146138032165006	1146138058009313	1146138034471159
1146138041485929	1146138066338236	1146138043270236
1146138048342929	1146138074643544	1146138050166852
1146138056512390	1146138082933929	1146138058309006
1146138066223236	1146138091235467	1146138068372698
1146138074340083	1146138099556698	1146138076414236
1146138082375852	1146138107889390	1146138084653083
1146138089876083	1146138116189698	1146138091977006
1146138098664698	1146138124499467	1146138100418929
1146138106558006	1146138132891775	1146138108719159
1146138114187467	1146138141174929	1146138116319544
1146138122637006	1146138149450236	1146138124776775
1146138130323852	1146138157776698	1146138132344467
1146138138926621	1146138166090852	1146138141203159
1146138148375775	1146138174405929	1146138150059544
1146138156548390	1146138182794313	1146138158457313
1146138165969006	1146138191036467	1146138167632159
1146138174021006	1146138199357083	1146138175387852
1146138181747467	1146138207671159	1146138183372775
1146138190324467	1146138216038006	1146138192179852
1146138198960159	1146138224429313	1146138200950544
1146138207499852	1146138232616775	1146138209518544
1146138216542006	1146138240929083	1146138217665621
1146138224451775	1146138249266621	1146138225936698
1146138232119467	1146138257568083	1146138233578621
1146138240053083	1146138265878929	1146138241795159
1146138248262852	1146138274204390	1146138249865698
1146138256213313	1146138282516083	1146138257870236
1146138263708698	1146138290846929	1146138265799852
1146138273428159	1146138299159159	1146138275662929
1146138282299159	1146138307491159	1146138283795544
1146138290112083	1146138315787544	1146138292134006
1146138300597313	1146138324139852	1146138301353006
1146138306598621	1146138332432083	1146138308564083
1146138314595467	1146138340811467	1146138316633313
1146138324296698	1146138349110313	1146138325694236
1146138331874621	1146138357368467	1146138333354929
1146138341147775	1146138365686236	1146138342265390
1146138348461390	1146138374006852	1146138350431236
1146138356363852	1146138382354006	1146138358194313
1146138364186544	9223372036854775807	1146138366262852
