8333333
1145867857150836	1145867883213682	1145867859176451
1145867865827836	1145867891523528	1145867868143759
1145867876253297	1145867899848990	1145867877608066
1145867882478528	1145867908165297	1145867884144374
1145867890742913	1145867916483528	1145867892894836
1145867901437297	1145867924804990	1145867901840066
1145867909164682	1145867933122836	1145867910532451
1145867916737913	1145867941525605	1145867917979759
1145867924758836	1145867949761682	1145867926288451
1145867933026605	1145867958103528	1145867934396066
1145867940954528	1145867966469374	1145867942399528
1145867950152451	1145867974717066	1145867951652374
1145867957988682	1145867983052990	1145867959937605
1145867966766605	1145867991354528	1145867968569605
1145867974424990	1145867999680759	1145867975552759
1145867982265066	1145868008010220	1145867984301913
1145867990531759	1145868016314836	1145867992917374
1145867999033297	1145868024630297	1145868001009605
0	1145868033294528	1145868025176374
1145868025811528	1145868041259143	1145868026953990
1145868029136451	1145868049683759	1145868031417913
1145868031258836	1145868057900759	1145868033220682
1145868039427220	1145868066224066	1145868041722836
1145868048436066	1145868074549605	1145868050807528
1145868057921297	1145868082843528	1145868060158297
1145868065309990	1145868091177297	1145868067632990
1145868074695836	1145868099486528	1145868076742836
1145868081719528	1145868107796682	1145868083771836
1145868090592143	1145868116216682	1145868092952066
1145868099170528	1145868124463528	1145868100824143
1145868107657682	1145868132753066	1145868109087220
1145868114474605	1145868141081605	1145868116222297
1145868123417682	1145868149409066	1145868125053913
1145868131957374	1145868157709066	1145868133448451
1145868139814913	1145868166057990	1145868141898297
1145868148526220	1145868174386220	1145868150363143
1145868157400990	1145868182654836	1145868159019143
1145868166118913	1145868190973374	1145868167503143
1145868174060066	1145868199302528	1145868175314297
1145868183058297	1145868207653913	1145868184576066
1145868190139759	1145868215957297	1145868191906528
1145868198889297	1145868224259836	1145868200668374
1145868206685682	1145868232569913	1145868208568143
1145868215794836	1145868240909913	1145868217244143
1145868223979836	1145868249226297	1145868226028143
1145868232532143	1145868257564682	1145868234353682
1145868240439759	1145868265872682	1145868242123220
1145868249705990	1145868274167220	1145868251246605
1145868257863836	1145868282484451	1145868259473066
1145868266524143	1145868290876066	1145868267816990
1145868274198605	1145868299119220	1145868275598528
1145868281338297	1145868307462297	1145868283142220
1145868290621913	1145868315740682	1145868292528066
1145868297974836	1145868324102836	1145868299608451
1145868307380451	1145868332425913	1145868308662836
1145868315041297	1145868340736143	1145868316807759
1145868323065374	1145868349010297	1145868325125913
1145868332208451	1145868357369297	1145868334156451
1145868340768143	1145868365654913	1145868342328374
1145868347595528	1145868373991528	1145868349580451
1145868358269374	1145868382306220	1145868359902297
1145868365433682	1145868390617682	1145868366851836
1145868374137990	1145868398948066	1145868375877066
1145868382065374	1145868407260451	1145868383590297
1145868390100374	1145868415607143	1145868391603143
1145868398832374	1145868423903528	1145868400441605
1145868407018836	1145868432218913	1145868408572990
1145868414885297	1145868440545066	1145868416775759
1145868422894528	1145868448866836	1145868425014836
1145868431689682	1145868457216759	1145868433433605
1145868440847220	1145868465514913	1145868442432143
1145868448745297	1145868473837297	1145868450327143
1145868455940682	1145868482289990	1145868458140451
1145868465001990	1145868490471220	1145868466513374
1145868472820066	1145868498802220	1145868474901374
1145868481826913	1145868507110605	1145868483851836
1145868490982836	1145868515433605	1145868493397913
1145868498401374	1145868523754297	1145868500046297
1145868504654297	1145868532088374	1145868506384451
1145868520519143	1145868540421682	1145868522247220
1145868521965066	1145868548724066	1145868524083451
1145868529683220	1145868557040759	1145868532452066
1145868538670836	1145868565385066	1145868540676143
1145868547010220	1145868573692374	1145868549068451
1145868556246913	1145868581996374	1145868557706297
1145868566026528	1145868590367220	1145868567495451
1145868573724066	1145868598631143	1145868574673682
1145868582626297	1145868606952759	1145868584333682
1145868590003220	1145868615283220	1145868591605913
1145868598304682	1145868623640990	1145868599926836
1145868608678297	1145868631898220	1145868608640374
1145868614210220	1145868640211220	1145868616189374
1145868623273682	1145868648561066	1145868624938836
1145868630973374	1145868656855451	1145868632863143
1145868638762913	1145868665163759	1145868640816143
1145868647693066	1145868673485913	1145868649465990
1145868655232990	1145868681871143	1145868657069913
1145868664315451	1145868690121990	1145868665620682
1145868671401374	1145868698439836	1145868673479836
1145868679345682	1145868706761913	1145868681679143
1145868689053066	1145868715102297	1145868690980066
1145868698217066	1145868723400682	1145868700246605
1145868706040990	1145868731717990	1145868708143759
1145868715205682	1145868740020759	1145868717165066
1145868723303836	1145868748337682	1145868725337682
1145868731257913	1145868756697913	1145868732891836
1145868739175451	1145868764968066	1145868741399836
1145868749434836	1145868773306836	1145868751129990
1145868756295528	1145868781605605	1145868758272451
1145868765283836	1145868789949374	1145868766841297
1145868772525374	1145868798250605	1145868774270605
1145868781007836	1145868806553682	1145868782527528
1145868788608374	1145868814888451	1145868790557297
1145868796692143	1145868823190836	1145868798736759
1145868803472759	1145868831512451	1145868805955220
1145868813487836	1145868840030605	1145868815509066
1145868822561682	1145868848157913	1145868824378297
1145868830390297	1145868856471759	1145868832403836
1145868840732682	1145868864799143	1145868842207836
1145868848403836	1145868873108374	1145868849933682
1145868856387759	1145868881425913	1145868857902528
1145868866344759	1145868889773682	1145868867204066
1145868871889913	1145868898052682	1145868874039143
1145868880748143	1145868906381682	1145868882758605
1145868889667759	1145868914704143	1145868891438220
1145868896812759	1145868923003528	1145868898786836
1145868904853297	9223372036854775807	1145868906932451
