8333333
1146312937083785	1146312962726862	1146312939070631
1146312945810631	1146312971034939	1146312948065631
1146312954305708	1146312979368708	1146312956348170
1146312973892708	1146312987670554	1146312977856093
1146312977544478	1146312995975862	1146312979680785
1146312980255478	1146313004291862	1146312981266862
1146312986818631	1146313012613708	1146312988249401
1146312995102862	1146313020975247	1146312997348785
1146313005410016	1146313029257016	1146313006601401
1146313011876708	1146313037565093	1146313013903478
1146313020431247	1146313045902862	1146313021849016
1146313028363170	1146313054234862	1146313030094554
1146313036932708	1146313062519170	1146313038218016
1146313045351247	1146313070905708	1146313047298631
1146313053340785	1146313079168401	1146313055764708
1146313064218324	1146313087488785	1146313065078324
1146313070263862	1146313095788785	1146313071513324
1146313078602324	1146313104105631	1146313080480170
1146313086742016	1146313112440401	1146313088759785
1146313094601016	1146313120757631	1146313096431862
1146313103309939	1146313129076170	1146313105226631
1146313111797093	1146313137382939	1146313113311554
1146313119986554	1146313145714939	1146313121617939
1146313128859555	1146313154010016	1146313130350862
1146313136577016	1146313162380170	1146313138191862
1146313145508708	1146313170648093	1146313146518324
1146313154197708	1146313178971247	1146313155974862
1146313162324785	1146313187294555	1146313164185939
1146313170626862	1146313195615478	1146313172557401
1146313178369016	1146313203921631	1146313180459862
1146313186636401	1146313212245016	1146313188463555
1146313194861093	1146313220567247	1146313196959785
1146313203397631	1146313228914555	1146313205340478
1146313211556785	1146313237204478	1146313213448170
1146313219146324	1146313245517939	1146313220767862
1146313227384708	1146313253845401	1146313229474016
1146313236207170	1146313262161401	1146313237710631
1146313244767478	1146313270481631	1146313246810555
1146313253938939	1146313278871862	1146313255222247
1146313260861093	1146313287117093	1146313262707247
1146313270079170	1146313295452478	1146313272274016
1146313277899555	1146313303749631	1146313279890862
1146313286330631	1146313312057631	1146313287962862
1146313294985401	1146313320401708	1146313296471247
1146313303966631	1146313328712093	1146313305497093
1146313311057016	1146313337014016	1146313312890555
1146313319486631	1146313345338939	1146313321295478
1146313327538631	1146313353642939	1146313329239785
1146313335885016	1146313361964708	1146313337754939
1146313345110555	1146313370291555	1146313346600401
1146313353774016	1146313378729631	1146313355009093
1146313361291555	1146313386917093	1146313362934324
1146313370215170	1146313395241401	1146313371576401
1146313378986631	1146313403556401	1146313380762939
1146313385683478	1146313411930555	1146313387693631
1146313394548478	1146313420213401	1146313396681324
1146313402911247	1146313428525708	1146313404849324
1146313413972170	1146313436840170	1146313416316708
1146313419117631	1146313445181708	1146313420521708
1146313428342324	1146313453480708	1146313430228785
1146313435828170	1146313461782247	1146313438352170
1146313443917093	1146313470095555	1146313446303785
1146313452522247	1146313478443478	1146313454791862
1146313460937939	1146313486891555	1146313462426939
1146313481006631	1146313495076708	1146313485338324
1146313484669939	1146313503366247	1146313488262555
1146313487577708	1146313511686862	1146313489725939
1146313493444708	1146313520005708	1146313495882939
1146313502190016	1146313528332785	1146313504159785
1146313510209324	1146313536644401	1146313512070939
1146313518787555	1146313544957939	1146313521069324
1146313529385631	1146313553293093	1146313530729631
1146313534818247	1146313561592093	1146313536830555
1146313543654631	1146313569906862	1146313545719785
1146313551797324	1146313578225324	1146313553611170
1146313559899478	1146313586569708	1146313561770862
1146313567691862	1146313594917708	1146313569883862
1146313575823862	1146313603207247	1146313578103862
1146313584142862	1146313611498631	1146313586420708
1146313594516401	1146313619811247	1146313596197093
1146313603549631	1146313628168170	1146313605207247
1146313611317016	1146313636498555	1146313613372093
1146313618060708	1146313644770555	1146313620109631
1146313627659555	1146313653115785	1146313629361631
1146313635460478	1146313661690631	1146313637660170
1146313644186555	1146313669733631	1146313646114631
1146313652721631	1146313678035862	1146313654310631
1146313661030862	1146313686441708	1146313662286939
1146313669783170	1146313694677708	1146313671492785
1146313677415170	1146313702984708	1146313679259478
1146313684835170	1146313711339555	1146313686909016
1146313692769631	1146313719622016	1146313694982862
1146313701633939	1146313727933324	1146313703537939
1146313709298555	1146313736275170	1146313711343247
1146313717403478	1146313744582555	1146313719544401
1146313725089401	1146313752897708	1146313727293016
1146313736845708	1146313761220170	1146313738822631
1146313744431862	1146313769524708	1146313745964785
1146313751317401	1146313777935862	1146313753202862
1146313760959862	1146313786227247	1146313762382555
1146313771431862	1146313794482016	1146313773361324
1146313776123247	1146313802861708	1146313778086555
1146313785301708	1146313811112708	1146313787157401
1146313793753939	1146313819432708	1146313795455170
1146313801983785	1146313827770555	1146313803672785
1146313810781016	1146313836065939	1146313812386631
1146313818265939	1146313844383785	1146313820265708
1146313827030016	1146313852769631	1146313828980478
1146313834545093	1146313861062555	1146313836668785
1146313843248478	1146313869332478	1146313844969093
1146313852160170	1146313877655862	1146313853822631
1146313859125093	1146313886023478	1146313861069939
1146313867731247	1146313894313093	1146313869597016
1146313876958247	1146313902597324	1146313878364478
1146313885639555	1146313910941401	1146313887066631
1146313894276093	1146313919244170	1146313896050631
1146313902493093	1146313927556401	1146313904737939
1146313909742631	1146313935861401	1146313911985401
1146313918302631	1146313944249708	1146313920393324
1146313926550016	1146313952566247	1146313928699785
1146313935382631	1146313960834016	1146313937784785
1146313943706862	1146313969159170	1146313945877631
1146313953078324	1146313977455555	1146313954928093
1146313960754631	1146313985789401	1146313962422016
1146313968427247	1146313994176478	1146313970783785
0	1146314002434862	1146313992646862
1146313989748170	9223372036854775807	1146313994168093
