8333333
0	1145850432241065	1145850422158296
1145850420306835	1145850440585296	1145850423731219
1145850424356373	1145850448895758	1145850426836065
1145850430227450	1145850457219758	1145850431656988
1145850439212450	1145850465562912	1145850441700988
1145850448261296	1145850474014835	1145850450442296
1145850454681296	1145850482234296	1145850456676758
1145850464724065	1145850490591142	1145850466021988
1145850471454296	1145850498913065	1145850473392988
1145850480448065	1145850507270296	1145850482431450
1145850488952988	1145850515608142	1145850490866912
1145850496882296	1145850523932758	1145850498841065
1145850505180450	1145850532316142	1145850507200758
1145850513929912	1145850540637296	1145850515854296
1145850522487835	1145850548960450	1145850524414219
1145850531271450	1145850557343835	1145850533217604
1145850540507527	1145850565683527	1145850542211219
1145850548368065	1145850573984373	1145850550333681
1145850556569912	1145850582316681	1145850558307142
1145850564777988	1145850590657373	1145850566495142
1145850573273604	1145850599008758	1145850575291835
1145850580893604	1145850607345604	1145850582839527
1145850589579142	1145850615846835	1145850591717296
1145850597390527	1145850624099835	1145850599309988
1145850605770604	1145850632366527	1145850607772065
1145850614989373	1145850640702296	1145850616797988
1145850623674527	1145850649057912	1145850625618527
1145850631352142	1145850657390835	1145850633130912
1145850639496373	1145850665726912	1145850641338912
1145850648136065	1145850674100681	1145850649960373
1145850657477065	1145850682415219	1145850659223758
1145850667793681	1145850690761912	1145850667791758
1145850673431835	1145850699101296	1145850675316373
1145850682359450	1145850707442296	1145850683545681
1145850690113681	1145850715783450	1145850691168681
1145850697779450	1145850724122527	1145850699623527
1145850706343450	1145850732461681	1145850708209988
1145850714470912	1145850740874527	1145850716315527
1145850723794296	1145850749146296	1145850725450296
1145850731649296	1145850757517296	1145850733623527
1145850740138527	1145850765830912	1145850743505988
1145850748488758	1145850774189912	1145850750424681
1145850755790912	1145850782517681	1145850757883758
1145850764362835	1145850790870604	1145850766471142
1145850773792142	1145850799194912	1145850775433988
1145850781899450	1145850807547835	1145850783708450
1145850790951835	1145850815869681	1145850792401604
1145850799208988	1145850824228681	1145850800307758
1145850808806219	1145850832550912	1145850809840988
1145850815648758	1145850840997912	1145850817407835
1145850823999527	1145850849263758	1145850826134835
1145850832201988	1145850857584450	1145850834022835
1145850840597065	1145850865920758	1145850842657373
1145850849322835	1145850874257296	1145850851406296
1145850857874604	1145850882610296	1145850859746912
1145850866777912	1145850890941065	1145850867619758
1145850873274219	1145850899357065	1145850875111450
1145850881726835	1145850907633373	1145850883829988
1145850890679450	1145850915963142	1145850892773681
1145850899612373	1145850924306835	1145850901441988
1145850917525604	1145850932659219	1145850920210912
1145850919940988	1145850941011835	1145850921603527
1145850922258604	1145850949339758	1145850924687527
1145850932261065	1145850957683219	1145850933940758
1145850939788758	1145850966076373	1145850941860065
1145850948318912	1145850974383219	1145850950268988
1145850957921296	1145850982717604	1145850960125296
1145850966424450	1145850991061604	1145850968108681
1145850974389912	1145850999375835	1145850976555758
1145850982705912	1145851007725988	1145850984922835
1145850990949681	1145851016097681	1145850992745604
1145850998585065	1145851024439758	1145851000573988
1145851007763219	1145851032775527	1145851009921296
1145851015286604	1145851041117373	1145851017563450
1145851024772758	1145851049437681	1145851026431142
1145851031614912	1145851057795527	1145851033738604
1145851039604142	1145851066116758	1145851041460450
1145851046934604	1145851074480065	1145851048997065
1145851055632681	1145851082796681	1145851057808988
1145851064213373	1145851091161296	1145851066337065
1145851073345988	1145851099564681	1145851075356142
1145851080266219	1145851107854527	1145851082317296
1145851088776758	1145851116221681	1145851090923142
1145851097457681	1145851124580373	1145851099446604
1145851106913604	1145851132855219	1145851108934527
1145851115836450	1145851141184681	1145851118034527
1145851125040681	1145851149532758	1145851126857296
1145851132186296	1145851157876373	1145851133789681
1145851141179142	1145851166261912	1145851143009681
1145851148080373	1145851174639758	1145851150180989
1145851157609604	1145851182914527	1145851159177989
1145851166186604	1145851191246527	1145851167735527
1145851174966527	1145851199583450	1145851176587527
1145851183043835	1145851207914527	1145851184664681
1145851190406527	1145851216260065	1145851192157296
1145851199149296	1145851224605065	1145851201116758
1145851206044142	1145851232942296	1145851207826835
1145851214359758	1145851241286219	1145851216451835
1145851222454835	1145851249627142	1145851224536142
1145851230920065	1145851257973604	1145851233224758
1145851240142912	1145851266309989	1145851241833989
1145851249894219	1145851274650604	1145851251421989
1145851257489604	1145851282999527	1145851259371450
1145851265593989	1145851291335758	1145851267583142
1145851274835219	1145851299747835	1145851276734912
1145851282780065	1145851308063835	1145851284224373
1145851291579835	1145851316405373	1145851293039835
1145851299785912	1145851324702604	1145851301942296
1145851307558912	1145851333053065	1145851309695219
1145851316408450	1145851341386835	1145851318540373
1145851324261065	1145851349733912	1145851326629989
1145851333516142	1145851358078296	1145851335355142
1145851341019758	1145851366420681	1145851342534835
1145851349984142	1145851374880450	1145851351549681
1145851356445296	1145851383094835	1145851357834219
1145851365224989	1145851391471450	1145851367134527
1145851374415835	1145851399771758	1145851376490835
1145851384610527	1145851408118604	1145851385270835
1145851390442604	1145851416460373	1145851392401912
1145851401019142	1145851424788681	1145851401292450
0	1145851433159835	1145851424573989
1145851423966835	1145851441530835	1145851426353604
1145851426961989	1145851449853604	1145851427934219
1145851432480142	1145851458184681	1145851434868681
1145851440350219	1145851466567450	1145851442624989
1145851448738527	1145851474846604	1145851450782296
1145851456703450	9223372036854775807	1145851458580142
