8333333
1146061054270539	1146061080017616	1146061056355539
1146061063292463	1146061088365386	1146061064953386
1146061070846616	1146061096648463	1146061072702847
1146061079998001	1146061104962924	1146061081499847
1146061088185001	1146061113286001	1146061089752770
1146061096585001	1146061121607463	1146061098098001
1146061105104693	1146061129972770	1146061106431463
1146061112300463	1146061138264155	1146061113946001
1146061120246232	1146061146555770	1146061121842616
1146061129124078	1146061154869309	1146061130844693
1146061137402616	1146061163195770	1146061139231847
1146061146457693	1146061171508693	1146061147980078
1146061155141693	1146061179909001	1146061156595155
1146061162854539	1146061188289078	1146061164605386
1146061171622001	1146061196524078	1146061173372386
1146061179742001	1146061204795463	1146061181523847
1146061188342309	1146061213088770	1146061189734924
1146061195610309	1146061221419232	1146061197630309
1146061205166924	1146061229723539	1146061206375155
1146061212751155	1146061238047770	1146061214445001
1146061220922924	1146061246465309	1146061222121924
1146061229481001	1146061254738847	1146061231062232
1146061237870232	1146061263150309	1146061239343847
1146061246907539	1146061271321924	1146061248143770
1146061254832463	1146061279845616	1146061256384463
1146061262955770	1146061287940155	1146061264619770
1146061271302539	1146061296332770	1146061273379463
1146061279920693	1146061304572078	1146061281224463
1146061287133693	1146061312905616	1146061289005616
1146061297871463	1146061321210924	1146061298163155
1146061305090616	1146061329534924	1146061306980463
1146061322425693	1146061337865078	1146061325317309
1146061325856770	1146061346177001	1146061326825309
1146061328663847	1146061354487155	1146061330224078
1146061336909078	1146061362802539	1146061339184155
1146061345787539	1146061371117078	1146061347957001
1146061353387155	1146061379445693	1146061355349693
1146061361863847	1146061387756463	1146061363648078
1146061370745386	1146061396091463	1146061371895847
1146061378439539	1146061404399770	1146061379904693
1146061386991463	1146061412707463	1146061388505078
1146061397501001	1146061421154232	1146061399535539
1146061405673616	1146061429429386	1146061407616386
1146061414403847	1146061437672693	1146061414697001
1146061420682847	1146061446013616	1146061422181924
1146061428883155	1146061454285924	1146061430789386
1146061435708770	1146061462621693	1146061437996386
1146061444807847	1146061470930924	1146061447086847
1146061454325309	1146061479291232	1146061456195232
1146061462716770	1146061487571232	1146061464548463
1146061470450847	1146061495979463	1146061472383232
1146061478446616	1146061504222924	1146061480637386
1146061487130001	1146061512541616	1146061489123540
1146061495234616	1146061520991463	1146061497429309
1146061503302540	1146061529193693	1146061505480693
1146061511562616	1146061537469693	1146061513527463
1146061519910309	1146061545807770	1146061521997386
1146061529411540	1146061554198232	1146061531261693
1146061537213693	1146061562440386	1146061538625001
1146061544660693	1146061570770616	1146061546671847
1146061558497616	1146061579094001	1146061559812770
1146061563876078	1146061587408078	1146061565031232
1146061569606616	1146061595761924	1146061571578309
1146061578584078	1146061604186232	1146061580766540
1146061587492463	1146061612439232	1146061588857309
1146061595363847	1146061620810924	1146061596905386
1146061603949078	1146061629133078	1146061605093924
1146061611500463	1146061637317924	1146061613161309
1146061619464770	1146061645675155	1146061621294616
1146061629270309	1146061654037001	1146061630269386
1146061637983847	1146061662269924	1146061639162924
1146061645463770	1146061670585309	1146061646765616
1146061653192463	1146061678903540	1146061655222001
1146061661265001	1146061687216693	1146061663129616
1146061669866232	1146061695532463	1146061671416463
1146061677835155	1146061703855540	1146061679379540
1146061685412770	1146061712183232	1146061687425924
1146061693946232	1146061720557924	1146061695903847
1146061701977309	1146061728814924	1146061704185309
1146061710830540	1146061737190001	1146061713035232
1146061718026309	1146061745466924	1146061720206847
1146061727910847	1146061753761309	1146061729394924
1146061736306924	1146061762180078	1146061737982232
1146061745089386	1146061770408770	1146061746614309
1146061752954924	1146061778726309	1146061754584693
1146061760563155	1146061787027540	1146061762362616
1146061770440693	1146061795349386	1146061771730924
1146061778986540	1146061803672693	1146061780637924
1146061786563463	1146061811990232	1146061788347463
1146061794806847	1146061820302616	1146061796263770
1146061803001693	1146061828642540	1146061804870540
1146061811638540	1146061836997924	1146061812855770
0	1146061845270847	1146061833774847
1146061832720770	1146061853629924	1146061835360078
1146061835968386	1146061861883770	1146061837390616
1146061844489693	1146061870245001	1146061845959232
1146061852148078	1146061878518616	1146061853697309
1146061860381616	1146061886831540	1146061862262232
1146061868315155	1146061895149001	1146061870248155
1146061876440693	1146061903486232	1146061878416463
1146061884659847	1146061911838616	1146061886789386
1146061892619463	1146061920129616	1146061894859155
1146061901663463	1146061928446232	1146061903849616
1146061911022540	1146061936748770	1146061912899847
1146061919485693	1146061945131847	1146061920984693
1146061928836770	1146061953405309	1146061929803770
1146061937446232	1146061961720078	1146061938221001
1146061945248386	1146061970057386	1146061946143232
1146061952934001	1146061978354540	1146061955355847
1146061961019540	1146061986641001	1146061963162924
1146061969025078	1146061994959540	1146061971101924
1146061978113386	1146062003370001	1146061980156386
1146061985704463	1146062011609386	1146061987355847
1146061992304386	1146062019917078	1146061994320770
1146062002425924	1146062028243463	1146062004225309
1146062009809078	1146062036549924	1146062011827770
1146062019126616	1146062044882924	1146062021143847
1146062027827847	1146062053259232	1146062029657616
1146062036167155	1146062061541078	1146062038120770
1146062044460155	1146062069822924	1146062046261078
1146062052548770	1146062078177386	1146062054159540
1146062061675770	1146062086463232	1146062063442232
1146062069293386	1146062094772386	1146062071326540
1146062077858540	1146062103096155	1146062080163232
1146062085444463	1146062111446232	1146062087429309
1146062093898616	9223372036854775807	1146062095941924
1146062101182232	9223372036854775807	1146062103375155
