8333333
1146078484234541	1146078514133310	1146078486198310
1146078492668771	1146078522468387	1146078494555848
1146078501838848	1146078530772464	1146078503793694
1146078509057617	1146078539102925	1146078511099156
1146078515616079	1146078547425310	1146078517644387
1146078523961617	1146078555734541	1146078525879464
1146078533692387	1146078564075233	1146078535608079
1146078543353310	1146078572365079	1146078544953694
1146078550059541	1146078580682925	1146078551984464
1146078558770925	1146078589002541	1146078560555541
1146078571455771	1146078597318925	1146078573678925
1146078575572464	1146078605634310	1146078577307156
1146078584115464	1146078613950541	1146078586020464
1146078590123233	1146078622278310	1146078592437694
1146078601420694	1146078630599541	1146078603253310
1146078609788079	1146078638905079	1146078611597002
1146078616352771	1146078647218002	1146078617994002
1146078624795233	1146078655567233	1146078626491464
1146078633457079	1146078663858848	1146078635424464
1146078642143233	1146078672236771	1146078643692387
1146078651345925	1146078680500464	1146078652697079
1146078659153694	1146078688846925	1146078660665387
1146078666582310	1146078697137002	1146078668064771
1146078675751848	1146078705457694	1146078677389002
1146078683870541	1146078713764387	1146078685531464
1146078692116079	1146078722081617	1146078693751771
1146078701267771	1146078730404464	1146078702767156
1146078709470617	1146078738723541	1146078711244156
1146078716054848	1146078747040156	1146078717898541
1146078723963464	1146078755357310	1146078725776464
1146078732547771	1146078763678233	1146078734550002
1146078741117925	1146078771994617	1146078742914310
1146078750365694	1146078780311771	1146078752236387
1146078758812387	1146078788624694	1146078760612079
1146078766928771	1146078796944694	1146078768703156
1146078774913617	1146078805273387	1146078776666310
1146078783256464	1146078813580079	1146078785139541
1146078791237079	1146078821904464	1146078793002310
1146078799432156	1146078830210233	1146078801298310
1146078807631771	1146078838542617	1146078809618541
1146078816648387	1146078846859771	1146078818477002
1146078825630310	1146078855169079	1146078826823848
1146078832624694	1146078863501002	1146078834401079
1146078840539771	1146078871804387	1146078842327464
1146078849826310	1146078880131233	1146078851557079
1146078858573694	1146078888448464	1146078860261002
1146078866205310	1146078896858848	1146078867907233
1146078874839156	1146078905079848	1146078876896694
1146078883550541	1146078913403156	1146078885183771
1146078891658541	1146078921716156	1146078893083464
1146078900314002	1146078930040771	1146078901775541
1146078907939541	1146078938366233	1146078909761694
1146078916835541	1146078946669079	1146078918648771
1146078924151233	1146078954982310	1146078925677694
1146078933466848	1146078963318233	1146078935295464
1146078942857387	1146078971627541	1146078944541387
1146078949198310	1146078979954310	1146078951255464
1146078957002925	1146078988265387	1146078959037079
1146078966547848	1146078996595464	1146078968814848
1146078975531541	1146079004906617	1146078977536079
1146078981858617	1146079013246310	1146078983765925
1146078992120079	1146079021565387	1146078993930541
1146079000237387	1146079029870310	1146079002013925
1146079007745617	1146079038172464	1146079009719541
1146079016862541	1146079046483233	1146079018552079
1146079023714002	1146079054805694	1146079025589079
1146079034843848	1146079063122848	1146079036639771
1146079040669925	1146079071444079	1146079042615541
1146079048610002	1146079079762002	1146079050605617
1146079057745694	1146079088074233	1146079059737002
1146079065671464	1146079096395464	1146079067733310
1146079076157694	1146079104742310	1146079078289617
1146079082716387	1146079113033310	1146079084452771
1146079090182002	1146079121350310	1146079092380694
1146079100209617	1146079129661310	1146079102319541
1146079107710848	1146079137984387	1146079109685079
1146079115660694	1146079146301002	1146079117581694
1146079125190233	1146079154613617	1146079127519233
1146079132443156	1146079162935156	1146079134241079
1146079142326233	1146079171247848	1146079144301079
1146079148861617	1146079179565387	1146079150993694
1146079157683771	1146079187921617	1146079159713925
1146079165957310	1146079196200156	1146079167906233
1146079172706925	1146079204546617	1146079174808771
1146079181182310	1146079212838541	1146079183126848
1146079189430310	1146079221155156	1146079191409925
1146079198535464	1146079229475233	1146079200667156
1146079206988156	1146079237789079	1146079208738848
1146079215561002	1146079246103156	1146079217425310
1146079224465694	1146079254421617	1146079226326310
1146079232517617	1146079262760079	1146079234322233
1146079241840694	1146079271062541	1146079243150233
1146079249575541	1146079279378617	1146079251236771
1146079258001387	1146079287701617	1146079259566310
1146079267141694	1146079296009925	1146079268619541
1146079274422541	1146079304335771	1146079276213387
1146079283019156	1146079312650925	1146079284699233
1146079290781387	1146079320962233	1146079292644079
1146079299657694	1146079329308771	1146079301360387
1146079308755464	1146079337595771	1146079310203156
1146079315674002	1146079345914617	1146079317404694
1146079323025387	1146079354230617	1146079324852387
1146079331117079	1146079362591541	1146079333026233
1146079339412694	1146079370994848	1146079341267464
1146079348155848	1146079379182310	1146079349953002
1146079357915541	1146079387508079	1146079359813694
1146079366414848	1146079395819156	1146079368141079
1146079375303233	1146079404130310	1146079377678617
1146079381648464	1146079412459771	1146079383575233
1146079390731848	1146079420764079	1146079392401002
1146079399449617	1146079429121694	1146079400745617
1146079407450310	1146079437395156	1146079408960694
1146079415877617	1146079445718617	1146079417500156
1146079424345002	1146079454046925	1146079425567541
1146079431618541	1146079462361694	1146079433534925
1146079440595848	1146079470680156	1146079442094925
1146079448862925	1146079479059541	1146079450173925
1146079457907233	1146079487370002	1146079459486848
1146079467085079	1146079495630541	1146079468971464
1146079475540387	1146079503949310	1146079477485694
1146079483058541	1146079512265310	1146079485027771
1146079490376156	1146079520572771	1146079492336387
1146079499028771	1146079529012156	1146079501135464
1146079507994002	1146079537222233	1146079510061617
1146079517306233	1146079545577618	1146079518709002
1146079523589079	1146079553919541	1146079525772387
1146079534044079	9223372036854775807	1146079536082310
