8333333
1145791802173370	1145791825978216	1145791803419447
1145791810472139	1145791834352139	1145791811740677
1145791817576754	1145791842702831	1145791819085370
1145791825225600	1145791850969985	1145791827278216
1145791833957908	1145791859320139	1145791835493600
1145791842902216	1145791867690523	1145791844340754
1145791850394831	1145791875996447	1145791852499523
1145791869823139	1145791884338831	1145791873270523
1145791872246908	1145791892673370	1145791874891523
1145791877587139	1145791901000139	1145791878540370
1145791883133370	1145791909336062	1145791884972139
1145791893510908	1145791917717293	1145791894402293
1145791902106600	1145791926016677	1145791903257985
1145791910133985	1145791934361985	1145791910599216
1145791916914600	1145791942704677	1145791918943447
1145791924994908	1145791951056139	1145791926932062
1145791933964062	1145791959384447	1145791936210216
1145791943777908	1145791967707447	1145791945399139
1145791950825985	1145791976194600	1145791952314293
1145791958521293	1145791984385293	1145791960277985
1145791966862831	1145791992729677	1145791968989600
1145791978707139	1145792001067831	1145791979467754
1145791983426523	1145792009404370	1145791985084677
1145791991844139	1145792017737062	1145791993749908
1145792000663754	1145792026073293	1145792002375139
1145792008688370	1145792034423447	1145792010114831
1145792017722523	1145792042751523	1145792019218216
1145792025617293	1145792051135447	1145792027325293
1145792033713370	1145792059466216	1145792035820139
1145792042288677	1145792067770831	1145792044151139
1145792050735754	1145792076124139	1145792051972139
1145792059287831	1145792084491447	1145792061032985
1145792067556139	1145792092841062	1145792069143447
1145792075198523	1145792101116062	1145792077079754
1145792084348677	1145792109471216	1145792086213985
1145792092373293	1145792117791447	1145792094863447
1145792101897293	1145792126154523	1145792103435447
1145792110004677	1145792134484370	1145792111484062
1145792117479139	1145792142881908	1145792119122600
1145792127326216	1145792151156447	1145792128491216
1145792133538293	1145792159512985	1145792135476447
1145792142339754	1145792167828754	1145792144223831
1145792152193677	1145792176187831	1145792153438293
1145792159405062	1145792184550523	1145792161513600
1145792167005677	1145792192891139	1145792168747216
1145792175482600	1145792201201677	1145792177263754
1145792184089370	1145792209526293	1145792185897062
1145792191877908	1145792217864447	1145792193585908
1145792198165677	1145792226203216	1145792200559523
1145792209972447	1145792234542216	1145792211237677
1145792217173985	1145792242899216	1145792218610293
1145792227676754	1145792251227447	1145792227520370
1145792232782293	1145792259567831	1145792234831831
1145792241945370	1145792267905985	1145792244250216
1145792251090216	1145792276236985	1145792253037985
1145792259825677	1145792284588677	1145792261233370
1145792267652985	1145792292925985	1145792269080754
1145792275596985	1145792301260677	1145792276778216
1145792287274523	1145792309597985	1145792288782831
1145792291793600	1145792317936754	1145792293162908
1145792301424754	1145792326288985	1145792303177062
1145792310170908	1145792334662216	1145792311450216
1145792316943447	1145792342991754	1145792318860062
1145792327223216	1145792351292985	1145792328717985
1145792333860677	1145792359642216	1145792335360754
1145792342992370	1145792367989293	1145792344394831
1145792350920754	1145792376314600	1145792352189293
1145792368766216	1145792384649600	1145792373827523
1145792371271216	1145792392986523	1145792375612447
1145792376529908	1145792401371754	1145792377611831
1145792383915754	1145792409660139	1145792385916447
1145792392647216	1145792417999139	1145792394416370
1145792400373600	1145792426336985	1145792402128677
1145792408276985	1145792434680139	1145792410160139
1145792416372754	1145792443015754	1145792418274216
1145792424471523	1145792451365677	1145792426569985
1145792432687523	1145792459744677	1145792434864447
1145792441197062	1145792468174831	1145792443212062
1145792449963216	1145792476381677	1145792451932062
1145792460249908	1145792484796677	1145792461526293
1145792468206908	1145792493053677	1145792469581293
1145792476611447	1145792501396447	1145792477941370
1145792485887831	1145792509751447	1145792486868139
1145792491788754	1145792518073677	1145792493701293
1145792502675447	1145792526427216	1145792503854293
1145792510028062	1145792534747831	1145792511660754
1145792518653370	1145792543088677	1145792520275216
1145792525844139	1145792551425370	1145792527097677
1145792533384985	1145792559759523	1145792535470831
1145792544897370	1145792568144677	1145792545602908
1145792552254293	1145792576441985	1145792553225985
1145792559692370	1145792584776062	1145792561397908
1145792567630293	1145792593228062	1145792569390600
1145792574992447	1145792601455831	1145792576949985
1145792583991216	1145792609802600	1145792585612447
1145792591134600	1145792618121062	1145792593203216
1145792599410908	1145792626466216	1145792601270523
1145792607469677	1145792634831216	1145792609780985
1145792616206831	1145792643149062	1145792618279139
1145792625064754	1145792651483523	1145792626952985
1145792633462600	1145792659859831	1145792635276985
1145792642577370	1145792668344447	1145792644363216
1145792650879831	1145792676509600	1145792652522600
1145792659606216	1145792685222216	1145792661690293
1145792668247523	1145792693200139	1145792670168754
1145792675787447	1145792701789370	1145792677887216
1145792684632139	1145792709924139	1145792686549062
1145792692079523	1145792718196447	1145792694027216
1145792701878523	1145792726568677	1145792703874216
1145792707089370	1145792734876447	1145792709443523
1145792716664677	1145792743233677	1145792719052139
1145792724836447	1145792751705370	1145792727050831
1145792733593600	1145792759945600	1145792736082831
1145792740858600	1145792768269985	1145792743284447
1145792748872447	1145792776595447	1145792751303447
1145792759085600	1145792784923754	1145792761262523
1145792768569600	1145792793253293	1145792770382908
1145792776967216	1145792801660139	1145792779011831
1145792784297370	1145792809941677	1145792786224985
1145792793406216	1145792818610831	1145792795463216
1145792800371216	1145792826624139	1145792802419754
1145792809298600	1145792834951216	1145792811290908
1145792817838600	1145792843292447	1145792819884754
1145792826136754	1145792851635831	1145792828266831
1145792834746293	1145792859972677	1145792836981600
1145792842405677	1145792868299216	1145792844300985
1145792850467831	9223372036854775807	1145792852591139
