8333333
1146213382985395	1146213404389010	1146213383981087
1146213388821702	1146213412708395	1146213390177087
1146213395196472	1146213421014549	1146213397088779
1146213401950625	1146213429504472	1146213404374856
1146213411053318	1146213437654241	1146213413235779
1146213419234856	1146213446026933	1146213421212702
1146213428510318	1146213454275856	1146213430523164
1146213437286933	1146213462599779	1146213439005087
1146213445130933	1146213470914856	1146213447201010
1146213452551241	1146213479233702	1146213454767241
1146213461911856	1146213487578318	1146213464057702
1146213469667549	1146213495876087	1146213471582549
1146213478901625	1146213504197087	1146213481068702
1146213486985087	1146213512506933	1146213489319164
1146213496230625	1146213520822318	1146213498363549
1146213503225625	1146213529128472	1146213505446933
1146213512334625	1146213537501933	1146213514285625
1146213527627164	1146213545777318	1146213529745087
1146213530508395	1146213554096087	1146213531163164
1146213534975549	1146213562408779	1146213536972702
1146213543871856	1146213570727549	1146213545992702
1146213552725087	1146213579031241	1146213554790625
1146213562317933	1146213587350241	1146213563660087
1146213571167472	1146213595661087	1146213572434241
1146213577637933	1146213603985318	1146213579838318
1146213586334625	1146213612293702	1146213588098625
1146213594315164	1146213620621087	1146213596323472
1146213602838856	1146213629046241	1146213604944779
1146213611842625	1146213637242625	1146213613848087
1146213618987549	1146213645569395	1146213621021010
1146213627843779	1146213653888472	1146213630028395
1146213637332702	1146213662252395	1146213639391472
1146213644609702	1146213670517087	1146213646807164
1146213653275472	1146213678831779	1146213655353933
1146213660941625	1146213687151164	1146213662586241
1146213670489702	1146213695481010	1146213672284395
1146213678146241	1146213703801625	1146213680327241
1146213687097933	1146213712137625	1146213688705625
1146213695507856	1146213720459164	1146213697195241
1146213704394241	1146213728774933	1146213705839241
1146213711893010	1146213737048472	1146213713530856
1146213720373010	1146213745423856	1146213722153702
1146213728292472	1146213753698549	1146213729715779
1146213737180395	1146213762004702	1146213738683856
1146213747294856	1146213770353318	1146213747302856
1146213753574549	1146213778642856	1146213755604164
1146213762097626	1146213786939241	1146213764092087
1146213769571856	1146213795375779	1146213772090241
1146213780316472	1146213803580472	1146213781065087
1146213786408395	1146213811934856	1146213788418241
1146213794655549	1146213820242933	1146213796345087
1146213802790241	1146213828535164	1146213804874010
1146213812319856	1146213836845087	1146213813948702
1146213819176087	1146213845237395	1146213821298626
1146213828474010	1146213853485933	1146213829653318
1146213837228164	1146213861805318	1146213838749626
1146213846318626	1146213870122549	1146213847481318
1146213853369318	1146213878429702	1146213854863779
1146213861187779	1146213886766626	1146213863144395
1146213870371164	1146213895051856	1146213872273702
1146213877068702	1146213903411856	1146213879061702
1146213887208472	1146213911689626	1146213888294318
1146213894293010	1146213920352164	1146213896309318
1146213902286010	1146213928341318	1146213904406318
1146213910731779	1146213936643549	1146213913068395
1146213920238010	1146213944985010	1146213922206318
1146213928171856	1146213953280472	1146213929957087
1146213935777087	1146213961814010	1146213937996779
1146213945543856	1146213969929395	1146213947482241
1146213954345087	1146213978235241	1146213955113318
1146213961063779	1146213986539779	1146213962689395
1146213969982318	1146213994859241	1146213971906856
1146213977889933	1146214003183779	1146213979905702
1146213985751549	1146214011502626	1146213987961933
1146213994605087	1146214019813933	1146213996822010
1146214001321087	1146214028133318	1146214003672164
1146214011381010	1146214036477395	1146214013239856
1146214017793395	1146214044761702	1146214020026856
1146214034448779	1146214053083549	1146214039067241
1146214035497626	1146214061395856	1146214040551164
1146214042168472	1146214069727241	1146214043723472
1146214050882318	1146214078056087	1146214053181087
1146214058941702	1146214086343856	1146214061207856
1146214068376164	1146214094752164	1146214070183241
1146214077230549	1146214102983241	1146214079488779
1146214085215472	1146214111298318	1146214087146856
1146214094155549	1146214119616702	1146214095896779
1146214101755779	1146214128028164	1146214104044164
1146214109408164	1146214136247779	1146214111471472
1146214119827472	1146214144643164	1146214121869010
1146214127046549	1146214152887164	1146214129169702
1146214135292164	1146214161200395	1146214137358549
1146214143827164	1146214169517702	1146214145651241
1146214152794010	1146214177929626	1146214154237087
1146214161144087	1146214186148779	1146214162913395
1146214167859856	1146214194487164	1146214169959779
1146214178626010	1146214202833933	1146214180145933
1146214184698010	1146214211197395	1146214186141626
1146214192510933	1146214219425395	1146214194493395
1146214200495241	1146214227736164	1146214202527472
1146214208585318	1146214236193702	1146214210840164
1146214219155472	1146214244370856	1146214219958318
1146214227172087	1146214252692779	1146214228137318
1146214235007549	1146214261023241	1146214236972472
1146214245284779	1146214269326241	1146214246417626
1146214253201933	1146214277652472	1146214254750318
1146214260889395	1146214285974549	1146214261980395
1146214271458010	1146214294297395	1146214270930856
1146214278641395	1146214302583856	1146214279686010
1146214286109933	1146214310912395	1146214287748779
1146214294395241	1146214319217933	1146214295543472
1146214302303549	1146214327533933	1146214303940779
1146214309202318	1146214335857010	1146214311147472
1146214318841087	1146214344208395	1146214320551856
1146214324573933	1146214352537626	1146214326853087
1146214334917933	1146214360815241	1146214336745933
1146214343463779	1146214369124472	1146214344903241
1146214352745702	1146214377466241	1146214353422626
1146214362176472	1146214385763164	1146214363811779
1146214368623779	1146214394074856	1146214370657087
1146214375993933	1146214402505395	1146214377955472
1146214384703164	1146214410733626	1146214386670933
1146214393226318	1146214419113087	1146214395262318
1146214401891856	1146214427350549	1146214404221010
1146214411818318	1146214435658626	1146214412309010
1146214418223779	1146214443982856	1146214420302549
1146214425404472	9223372036854775807	1146214427835472
