8333333
1145762345947522	1145762360042906	1145762349978214
1145762348961906	1145762368599445	1145762351581983
1145762352428676	1145762376677676	1145762353640676
1145762359154599	1145762385020368	1145762360999137
1145762366878906	1145762393347445	1145762369008368
1145762377144368	1145762401690829	1145762378794214
1145762383975137	1145762410030906	1145762385916752
1145762393642522	1145762418382522	1145762395132060
1145762401561676	1145762426776445	1145762403112752
1145762409139445	1145762435079752	1145762411256676
1145762418444445	1145762443524137	1145762419906214
1145762426478599	1145762451891522	1145762428172060
1145762434977599	1145762460088445	1145762437084752
1145762442621060	1145762468452676	1145762444531752
1145762451510906	1145762476754906	1145762452776752
1145762458897060	1145762485369060	1145762460759752
1145762467492368	1145762493455522	1145762469617060
1145762477008445	1145762501774906	1145762478963214
1145762484582906	1145762510121368	1145762486241906
1145762492697983	1145762518446291	1145762494655752
1145762501564445	1145762526785368	1145762503791137
1145762509624752	1145762535129291	1145762511457983
1145762518519445	1145762543464445	1145762520682214
1145762526107829	1145762551863214	1145762528653599
1145762533805906	1145762560142522	1145762535886291
1145762541619522	1145762568485368	1145762543388752
1145762550944445	1145762576822522	1145762552804445
1145762557591445	1145762585167829	1145762559618599
1145762566928445	1145762593511829	1145762568851522
1145762575038599	1145762601852676	1145762577033676
1145762584177906	1145762610207752	1145762586183522
1145762592570906	1145762618517906	1145762594284752
1145762601246291	1145762626879214	1145762603567137
1145762609377291	1145762635217906	1145762610608368
1145762616951445	1145762643546522	1145762618969368
1145762626192752	1145762651938522	1145762628105983
1145762633856983	1145762660235137	1145762636189599
1145762642157368	1145762668564060	1145762644219445
1145762651507829	1145762676927522	1145762653012368
1145762660528368	1145762685375137	1145762662021291
1145762666733060	1145762693584368	1145762668881983
1145762675985983	1145762701949983	1145762677958906
1145762684853368	1145762710270906	1145762686878829
1145762693156752	1145762718618599	1145762694878599
1145762702702291	1145762726949599	1145762703442214
1145762709704368	1145762735346522	1145762711632368
1145762718409906	1145762743639137	1145762719843752
1145762726174906	1145762752022522	1145762727767445
1145762734545060	1145762760313368	1145762736450906
1145762743628060	1145762768667522	1145762745155137
1145762751771137	1145762776992983	1145762753608983
1145762761044060	1145762785384137	1145762761833368
1145762769598599	1145762793685599	1145762769966291
1145762776398829	1145762802019445	1145762778033368
1145762784356676	1145762810372445	1145762786205060
1145762793847752	1145762818711752	1145762794955752
1145762801862599	1145762827093983	1145762803536368
1145762809908752	1145762835400676	1145762811169060
1145762819899752	1145762843719522	1145762819822599
1145762826262829	1145762852119752	1145762828117060
1145762846608060	1145762860408676	1145762851319752
1145762848913291	1145762868758599	1145762852896060
1145762853839522	1145762877088752	1145762857428752
1145762862066291	1145762885448676	1145762863770214
1145762868289983	1145762893775522	1145762869978599
1145762876825291	1145762902125676	1145762878465368
1145762884155752	1145762910445060	1145762885937599
1145762893053599	1145762918789599	1145762894597599
1145762902975445	1145762927122906	1145762904296983
1145762909797983	1145762935575214	1145762911679752
1145762918123522	1145762943826829	1145762920473983
1145762927317368	1145762952189599	1145762929255214
1145762934671829	1145762960483522	1145762936536676
1145762943256060	1145762968812983	1145762945264752
1145762951250522	1145762977222906	1145762953394829
1145762959979522	1145762985509291	1145762961897291
1145762966988368	1145762993841983	1145762968952752
1145762974971829	1145763002306906	1145762976960676
1145762983693599	1145763010593368	1145762985721906
1145762991656368	1145763018876676	1145762993779522
1145762999786599	1145763027199445	1145763001983137
1145763008170599	1145763035543752	1145763010365676
1145763017166522	1145763044099445	1145763019418829
1145763027144983	1145763052324137	1145763029042906
1145763035693368	1145763060568983	1145763037502522
1145763042831522	1145763068962214	1145763044971829
1145763051593368	1145763077264445	1145763053752752
1145763060235752	1145763085626522	1145763062238906
1145763069815752	1145763093930214	1145763071473676
1145763076425291	1145763102281291	1145763078592368
1145763085805983	1145763110658522	1145763087359214
1145763093264752	1145763119001060	1145763095329983
1145763100924137	1145763127328752	1145763103023522
1145763109066214	1145763135865060	1145763111407137
1145763116547445	1145763143980752	1145763118726291
1145763125495137	1145763152465906	1145763127472983
1145763133596676	1145763160643214	1145763135840368
1145763141616445	1145763169070291	1145763143844137
1145763150345906	1145763177332983	1145763152172060
1145763159677291	1145763185685906	1145763161468983
1145763168468137	1145763194019214	1145763169757060
1145763176256137	1145763202348368	1145763178168137
1145763185489368	1145763211092445	1145763187427445
1145763194780137	1145763219031137	1145763196381906
1145763201496752	1145763227372676	1145763203240060
1145763210621060	1145763235712445	1145763211747137
1145763218646291	1145763244163214	1145763220675829
1145763227898829	1145763252396368	1145763229458829
1145763236348137	1145763260727829	1145763237571137
1145763243743445	1145763269069983	1145763245698906
1145763250966599	1145763277488752	1145763253063752
1145763259230599	1145763285771137	1145763261530599
1145763269027445	1145763294090214	1145763269744983
1145763275997291	1145763302425906	1145763278139445
1145763286241676	1145763310812983	1145763288152060
1145763293960752	1145763319117599	1145763295536445
1145763302105906	1145763327443445	1145763303704137
1145763310176983	1145763335784445	1145763311709983
1145763318363752	1145763344134829	1145763320357291
1145763327406214	1145763352477060	1145763329513599
1145763346826522	1145763360841060	1145763347962599
1145763352438599	1145763369161676	1145763353123137
1145763354528137	1145763377489060	1145763355868445
1145763359573060	1145763385821906	1145763360767137
1145763367811214	1145763394171445	1145763369876060
1145763375646599	1145763402511753	1145763377789599
1145763383988368	9223372036854775807	1145763386000753
