8333333
1146195846727855	1146195872694932	1146195848761701
1146195856316163	1146195881016086	1146195857698855
1146195864182009	1146195889365009	1146195865511778
1146195873813086	1146195897641086	1146195875378932
1146195880648086	1146195905945932	1146195882492086
1146195888100086	1146195914278317	1146195889706624
1146195897230240	1146195922808086	1146195899083855
1146195905171855	1146195930951778	1146195907283240
1146195913523163	1146195939249394	1146195915461086
1146195922466932	1146195947520086	1146195924310855
1146195930587778	1146195955839778	1146195931934009
1146195938914624	1146195964171548	1146195940513394
1146195946656701	1146195972476701	1146195948610932
1146195954777932	1146195980799778	1146195956765086
1146195965594855	1146195989133086	1146195966031778
1146195971864471	1146195997420163	1146195973998855
1146195981381317	1146196005734240	1146195982939163
1146195988749009	1146196014046624	1146195990337394
1146195999280163	1146196022366548	1146196000972701
1146196004975240	1146196030682009	1146196006901394
1146196013450624	1146196038995471	1146196015474548
1146196021213624	1146196047322932	1146196023046932
1146196030291240	1146196055636394	1146196032073009
1146196038574624	1146196063952394	1146196039994624
1146196046601701	1146196072302548	1146196048552701
1146196055735471	1146196080723548	1146196057241086
1146196062509009	1146196089146855	1146196064423240
1146196071334317	1146196097213701	1146196073234548
1146196079466240	1146196105611778	1146196081769009
1146196087863163	1146196114057317	1146196090459240
1146196096300471	1146196122198009	1146196098601009
1146196104799778	1146196130476701	1146196107081624
1146196113628086	1146196138863548	1146196115521624
1146196121107471	1146196147109701	1146196123111548
1146196129470624	1146196155444086	1146196131625317
1146196137873624	1146196163752778	1146196140173624
1146196146275163	1146196172119163	1146196148467548
1146196155567778	1146196180386932	1146196156973086
1146196164198548	1146196188727240	1146196166311548
1146196171098855	1146196197129009	1146196173403240
1146196179171163	1146196205337624	1146196181492701
1146196187403778	1146196213711471	1146196189586932
1146196195499163	1146196222133701	1146196197644394
1146196204149086	1146196230307855	1146196206362548
1146196212524701	1146196238656778	1146196214561394
1146196221344086	1146196246936086	1146196223550855
1146196229829932	1146196255307855	1146196232092471
1146196237999240	1146196264066932	1146196240075855
1146196246099548	1146196271876778	1146196248286932
1146196254504471	1146196280163855	1146196256614317
1146196262885624	1146196288482855	1146196265106932
0	1146196296839548	1146196287946009
1146196284673701	1146196305182240	1146196291429086
1146196290950317	1146196313464471	1146196293238548
1146196295768163	1146196321957086	1146196297099471
1146196304254624	1146196330075240	1146196306684163
1146196313411471	1146196338384701	1146196315368701
1146196321588163	1146196346707548	1146196323557394
1146196329133701	1146196355115240	1146196331021932
1146196337947163	1146196363335855	1146196340193701
1146196346051548	1146196371721086	1146196348149701
1146196354471548	1146196380040471	1146196356754240
1146196362326624	1146196388285086	1146196364441317
1146196372164471	1146196396744701	1146196373974317
1146196377479471	1146196404919163	1146196379811163
1146196385678009	1146196413231471	1146196387894932
1146196393988701	1146196421775240	1146196396282317
1146196402654009	1146196429917932	1146196405179855
1146196410351855	1146196438178932	1146196412754855
1146196420947855	1146196446542855	1146196423133394
1146196429254317	1146196454819548	1146196431488778
1146196436635240	1146196463146855	1146196438601317
1146196445749317	1146196471498009	1146196447925624
1146196454112394	1146196479765086	1146196456417086
1146196462422009	1146196488412394	1146196464601624
1146196471653317	1146196496395548	1146196473853317
1146196478929317	1146196504775163	1146196481201932
1146196486533394	1146196513017317	1146196489102009
1146196494170548	1146196521335548	1146196496512778
1146196501905394	1146196529667471	1146196504273624
1146196510786317	1146196538045394	1146196512945086
1146196519037701	1146196546305701	1146196521306009
1146196527481701	1146196554636471	1146196529587471
1146196537164701	1146196563131778	1146196539324778
1146196545913624	1146196571340471	1146196547945932
1146196554350624	1146196579575240	1146196556800471
1146196562348778	1146196587871855	1146196564678624
1146196570774624	1146196596264086	1146196572987240
1146196577883240	1146196604574855	1146196580251240
1146196586608701	1146196612917701	1146196589189701
1146196595377932	1146196621135240	1146196597697701
1146196603246548	1146196629456163	1146196605815240
1146196611944086	1146196637876394	1146196614100778
1146196620429624	1146196646108394	1146196622655163
1146196628145701	1146196654396778	1146196630519471
1146196634804778	1146196662701701	1146196637176086
1146196644218009	1146196671026548	1146196646357317
1146196651988778	1146196679434932	1146196654301009
1146196660671855	1146196687755548	1146196662855471
1146196668651163	1146196696045317	1146196670907240
1146196676811471	1146196704313317	1146196679063471
1146196685324701	1146196712652086	1146196687779548
1146196694208163	1146196721132163	1146196696422932
1146196703385932	1146196729252163	1146196705713701
1146196711017932	1146196737786009	1146196713169624
1146196720266240	1146196745907855	1146196722570855
1146196728122932	1146196754266009	1146196730084163
1146196737539548	1146196762529701	1146196739810932
1146196745088701	1146196770847855	1146196747161086
1146196753104394	1146196779162240	1146196755425394
1146196761714240	1146196787494548	1146196763764471
1146196770009394	1146196795900086	1146196772102932
1146196783933701	1146196804134624	1146196786135163
1146196785269701	1146196812543163	1146196787934855
1146196793487163	1146196821086240	1146196795874932
1146196803413317	1146196829110855	1146196805416701
1146196811578009	1146196837423548	1146196813905317
1146196820344701	1146196845834932	1146196822528471
1146196829173086	1146196854174855	1146196830977394
1146196837682317	1146196862358932	1146196839621317
1146196845129317	1146196870913009	1146196847415163
1146196853463163	1146196879134317	1146196855607778
1146196861825932	1146196887328163	1146196863806624
1146196869987778	1146196895821009	1146196872401086
1146196877902932	1146196903977086	1146196880158624
1146196886350009	1146196912303240	1146196888650548
1146196894514548	9223372036854775807	1146196896777932
