8333333
1146307039173631	1146307065656093	1146307040610323
1146307047689631	1146307073903170	1146307050090631
1146307056376477	1146307082198862	1146307058570554
1146307064499477	1146307090521016	1146307066657323
1146307073727246	1146307098845631	1146307075934862
1146307080977323	1146307107159246	1146307082913093
1146307089534939	1146307115476170	1146307091842554
1146307098144708	1146307123809016	1146307100140708
1146307106561093	1146307132179170	1146307108499862
1146307114724477	1146307140493939	1146307116891246
1146307122407785	1146307148762631	1146307124550246
1146307132442939	1146307157119862	1146307134174323
1146307140736400	1146307165401939	1146307142487862
1146307148115554	1146307173705708	1146307150123785
1146307156476708	1146307182063554	1146307158163246
1146307165377939	1146307190384093	1146307167073016
1146307173489093	1146307198700170	1146307175693631
1146307181902016	1146307206967477	1146307183866323
1146307190059170	1146307215293939	1146307191757093
1146307198014323	1146307223605323	1146307199703477
1146307205890939	1146307231927785	1146307207605093
1146307214902631	1146307240281400	1146307216600170
1146307222292785	1146307248558939	1146307224162554
1146307230933400	1146307256904093	1146307232791477
1146307239571554	1146307265209939	1146307241507862
1146307248564708	1146307273520785	1146307250714939
1146307256435554	1146307281850862	1146307257669400
1146307264552708	1146307290178631	1146307266374016
1146307273299862	1146307298478939	1146307275304708
1146307280628400	1146307306801708	1146307282271862
1146307290032093	1146307315105016	1146307291428785
1146307298321016	1146307323471170	1146307299680477
1146307305430016	1146307331749939	1146307307186016
1146307314551170	1146307340068093	1146307316694246
1146307321936785	1146307348377939	1146307323870631
1146307331668400	1146307356718246	1146307333521016
1146307339393093	1146307365046016	1146307340859246
1146307347636400	1146307373340477	1146307349556477
1146307355860708	1146307381653323	1146307357791246
1146307364939170	1146307389963554	1146307366548708
1146307373880093	1146307398313400	1146307375708708
1146307390304400	1146307406616708	1146307392834554
1146307393394554	1146307414931246	1146307394651246
1146307396728785	1146307423234939	1146307398698246
1146307406167246	1146307431555246	1146307407921400
1146307413860708	1146307439878246	1146307415887554
1146307421671246	1146307448234246	1146307423587862
1146307430690862	1146307456507554	1146307432097708
1146307439591246	1146307464838016	1146307441388400
1146307446706939	1146307473208170	1146307448607170
1146307455532785	1146307481470939	1146307457495554
1146307464726323	1146307489782862	1146307466225939
1146307473057400	1146307498104477	1146307474514631
1146307481087785	1146307506421400	1146307482821016
1146307489915477	1146307514770323	1146307491332785
1146307497115246	1146307523054016	1146307499047170
1146307506251862	1146307531398554	1146307507750323
1146307514454631	1146307539681939	1146307516244708
1146307522895170	1146307548017323	1146307524601400
1146307530526631	1146307556327246	1146307532497939
1146307539466246	1146307564660785	1146307541265400
1146307547058554	1146307572961323	1146307548957708
1146307555942323	1146307581285708	1146307557698246
1146307564631170	1146307589583785	1146307566064785
1146307573491170	1146307597915170	1146307574931554
1146307582132477	1146307606248708	1146307583337708
1146307589335554	1146307614582554	1146307591163862
1146307597882631	1146307622856477	1146307599861093
1146307605322323	1146307631171477	1146307607292400
1146307614236170	1146307639485016	1146307616226246
1146307622716785	1146307647977400	1146307624249323
1146307629994939	1146307656119862	1146307631882939
1146307638506323	1146307664495862	1146307640253939
1146307646647862	1146307672754246	1146307648500477
1146307654272477	1146307681070554	1146307656299246
1146307662319477	1146307689391170	1146307664525939
1146307670484170	1146307697706016	1146307672659170
1146307678548477	1146307706014554	1146307680757323
1146307692261323	1146307714334323	1146307693626016
1146307697535862	1146307722666631	1146307698194939
1146307705250016	1146307730973323	1146307707402939
1146307713637323	1146307739315170	1146307715194246
1146307722730939	1146307747620400	1146307724288093
1146307730129939	1146307755925939	1146307732193093
1146307739274631	1146307764235554	1146307741321093
1146307747651785	1146307772561631	1146307749116785
1146307757106554	1146307780874323	1146307758659170
1146307763643554	1146307789208400	1146307765399785
1146307771471862	1146307797498631	1146307773313016
1146307779824477	1146307805866554	1146307781542554
1146307787841939	1146307814144400	1146307789710939
1146307796879785	1146307822465323	1146307798454939
1146307803514323	1146307830886631	1146307805656477
1146307812659862	1146307839155170	1146307814382246
1146307820213323	1146307847507785	1146307822006554
1146307828483246	1146307855753323	1146307830598246
1146307836765016	1146307864101631	1146307838922554
1146307845116400	1146307872437093	1146307847236708
1146307855131785	1146307880756785	1146307856186016
1146307863335785	1146307889026323	1146307864713708
1146307871691862	1146307897405708	1146307873525400
1146307881300400	1146307905677093	1146307883095554
1146307897985631	1146307914036477	1146307898738939
1146307902561939	1146307922313323	1146307903762323
1146307907742554	1146307930634939	1146307908670246
1146307912603554	1146307938954862	1146307913766554
1146307921045939	1146307947288093	1146307923158016
1146307930690939	1146307955593400	1146307932164785
1146307937787554	1146307963927554	1146307939580708
1146307946273400	1146307972230554	1146307948085093
1146307955124093	1146307980520785	1146307956859554
1146307964693939	1146307988849400	1146307965014862
1146307970992400	1146307997166323	1146307972893093
1146307979085400	1146308005485016	1146307980961093
1146307988055477	1146308013844093	1146307990216785
1146307997161093	1146308022132093	1146307999551170
1146308005472170	1146308030458554	1146308007416477
1146308014217631	1146308038755247	1146308015142247
1146308021994554	1146308047064093	1146308023746016
1146308029060093	1146308055384170	1146308030929939
1146308037600093	1146308063742323	1146308039475477
1146308046728400	1146308072040477	1146308048377631
1146308054631247	1146308080342323	1146308056363554
1146308064498016	1146308088708708	1146308065730554
1146308072696785	1146308096972170	1146308074034862
1146308080482554	1146308105292708	1146308081770939
1146308087538554	9223372036854775807	1146308089425016
