8333333
1146037551141384	1146037575790000	1146037553213384
1146037558556384	1146037584186230	1146037560266923
1146037566421692	1146037592412153	1146037568615846
1146037578229077	1146037600723538	1146037579796153
1146037583084077	1146037609038307	1146037585160769
1146037590937000	1146037617362846	1146037592766538
1146037598874615	1146037625678538	1146037600887769
1146037607413307	1146037634012153	1146037609255538
1146037615605692	1146037642313692	1146037617524461
1146037624516692	1146037650636769	1146037626103769
1146037632735846	1146037658961077	1146037634812769
1146037640971461	1146037667309923	1146037643082000
1146037649059538	1146037675584077	1146037651054615
1146037658637384	1146037683898000	1146037660189384
1146037667478307	1146037692220461	1146037668672153
1146037676678923	1146037700524153	1146037678141000
1146037683619538	1146037708920692	1146037684878615
1146037691539153	1146037717227461	1146037693158000
1146037700693923	1146037725486230	1146037701357077
1146037708255846	1146037733788461	1146037709523153
1146037716287769	1146037742107538	1146037718001077
1146037725339769	1146037750441384	1146037727005307
1146037732966615	1146037758764769	1146037735101615
1146037741342615	1146037767151846	1146037743572153
1146037749878307	1146037775383769	1146037751857923
1146037760407461	1146037783704461	1146037761268153
1146037768323461	1146037791997000	1146037769533692
1146037774651230	1146037800345923	1146037775966307
1146037783375538	1146037808706230	1146037785121000
1146037791025384	1146037817077923	1146037792811538
1146037803974000	1146037825277307	1146037804827538
1146037808304384	1146037833592461	1146037810787461
1146037816422538	1146037842015230	1146037818573077
1146037824942307	1146037850223461	1146037826956769
1146037832349000	1146037858545077	1146037834235461
1146037843862230	1146037866856769	1146037844161615
1146037849974000	1146037875176692	1146037851498538
1146037857622307	1146037883495230	1146037859512461
1146037865543846	1146037891811769	1146037867582923
1146037874818000	1146037900125000	1146037876658615
1146037882207230	1146037908459461	1146037884135538
1146037892255538	1146037916897000	1146037894098846
1146037899108384	1146037925076153	1146037901499153
1146037907836769	1146037933403153	1146037909807153
1146037915683846	1146037941708384	1146037918005307
1146037924094230	1146037950077307	1146037926790538
1146037933658923	1146037958333384	1146037936192153
1146037940342230	1146037966685615	1146037942519153
1146037950115846	1146037975004384	1146037951946846
1146037957971230	1146037983306615	1146037959947769
1146037965613077	1146037991599230	1146037967429077
0	1146037999944461	1146037989226307
1146037985948384	1146038008232153	1146037992296769
1146037992308077	1146038016547230	1146037993770846
1146037998901307	1146038024861077	1146038000853692
1146038007049923	1146038033188077	1146038009057615
1146038016647461	1146038041505077	1146038017441384
1146038024357615	1146038049823153	1146038025768692
1146038033844153	1146038058135769	1146038035114230
1146038042122846	1146038066869077	1146038043133000
1146038049097077	1146038074770923	1146038051458538
1146038059278230	1146038083084077	1146038060774846
1146038065582307	1146038091464153	1146038067789384
1146038073890923	1146038099720153	1146038076236384
1146038081661384	1146038108099846	1146038083677077
1146038092457384	1146038116345615	1146038093956077
1146038100137000	1146038124695846	1146038101655769
1146038107728384	1146038132979461	1146038109620384
1146038116252692	1146038141290000	1146038118264153
1146038123603769	1146038149608077	1146038125623769
1146038131320692	1146038158084769	1146038133287153
1146038138974307	1146038166256692	1146038141212769
1146038147591846	1146038174574307	1146038149591153
1146038155633384	1146038182888384	1146038157789307
1146038164918538	1146038191220384	1146038167423769
1146038175071153	1146038199524153	1146038175729077
1146038181742923	1146038207834230	1146038183161307
1146038190441077	1146038216155769	1146038192108384
1146038198642846	1146038224478538	1146038200301384
1146038206638846	1146038232788769	1146038208424153
1146038215337307	1146038241114230	1146038217035769
1146038223634538	1146038249428077	1146038225657923
1146038232104692	1146038257739154	1146038233709923
1146038240462307	1146038266053307	1146038241871769
1146038248853615	1146038274387846	1146038250529077
1146038257578000	1146038282682615	1146038259085077
1146038265820077	1146038291016077	1146038267158538
1146038273909307	1146038299417307	1146038275931461
1146038281508384	1146038307771230	1146038283036384
1146038289723846	1146038316029692	1146038291332461
1146038297634307	1146038324264154	1146038299296461
1146038305400769	1146038332595230	1146038307420692
1146038314031461	1146038340955154	1146038316091538
1146038322135846	1146038349294230	1146038324144461
1146038330725692	1146038357538230	1146038332823846
1146038340350846	1146038365988384	1146038342162846
1146038350713000	1146038374177000	1146038351785077
1146038357886846	1146038382488769	1146038359606846
1146038365487154	1146038390876154	1146038367476154
1146038374033692	1146038399128077	1146038376265692
1146038383130846	1146038407447154	1146038384760384
1146038391011846	1146038415765077	1146038392365307
1146038399878846	1146038424121615	1146038401485000
1146038407468154	1146038432386923	1146038409167154
1146038414688384	1146038440703461	1146038416518923
1146038423746000	1146038449052769	1146038425282230
1146038430899846	1146038457349000	1146038432911154
1146038440359769	1146038465662538	1146038442012077
1146038446749384	1146038473987846	1146038448942230
1146038456904077	1146038482298846	1146038458881307
1146038464460769	1146038490610000	1146038466661692
1146038473612154	1146038498976077	1146038475348077
1146038489586615	1146038507241307	1146038492698000
1146038492181923	1146038515568077	1146038494226307
1146038498139538	1146038523933615	1146038499979461
1146038505627461	1146038532206615	1146038507694230
1146038514622538	1146038540520692	1146038516785384
1146038523193692	1146038548821692	1146038524951769
1146038532399230	1146038557198307	1146038533943538
1146038540387154	1146038565473384	1146038542513384
1146038549349923	1146038573800692	1146038551209692
1146038556313384	1146038582146000	1146038558442307
1146038565430846	1146038590400692	1146038566919461
1146038573020769	1146038598721692	1146038575197615
1146038580689615	1146038607040154	1146038582848769
1146038589471230	9223372036854775807	1146038591543769
1146038597843461	9223372036854775807	1146038599448769
