8333333
1146031645080768	1146031670868692	1146031647077307
1146031653426615	1146031679249692	1146031655636692
1146031661981692	1146031687527768	1146031664529307
1146031670171153	1146031695791768	1146031672363230
1146031679335768	1146031704239768	1146031681407538
1146031687318922	1146031712487461	1146031689264692
1146031692833692	1146031721040692	1146031695187230
1146031701760461	1146031729067461	1146031704444461
1146031709707768	1146031737406922	1146031712119768
1146031720209615	1146031745781922	1146031722487153
1146031729432461	1146031754094615	1146031731553615
1146031737046845	1146031762667768	1146031739052692
1146031745131538	1146031770737076	1146031747341922
1146031753038538	1146031778967768	1146031755281692
1146031761241692	1146031787264153	1146031763825307
1146031769681922	1146031795583769	1146031772238230
1146031778647768	1146031804196769	1146031780915461
1146031787124461	1146031812334230	1146031789101999
1146031794845615	1146031820533615	1146031797033076
1146031803046845	1146031828880076	1146031805364461
1146031811505999	1146031837180153	1146031813959153
1146031820355845	1146031845499230	1146031822787538
1146031828557384	1146031853805307	1146031830911769
1146031837003538	1146031862124692	1146031839274845
1146031845055230	1146031870485384	1146031846785076
1146031853494615	1146031878792384	1146031855742922
1146031861373076	1146031887075461	1146031863617922
1146031869304692	1146031895411461	1146031871502230
1146031877937307	1146031903716384	1146031880328384
1146031895203845	1146031912442615	1146031901572999
1146031897913692	1146031920405307	1146031903467461
1146031904331230	1146031928940999	1146031907062922
1146031911608692	1146031937229615	1146031913637307
1146031919908461	1146031945322845	1146031921916692
1146031927760692	1146031953657076	1146031929954307
1146031936376076	1146031961995153	1146031938428769
1146031944797076	1146031970348999	1146031946721307
1146031953311769	1146031978581999	1146031955929307
1146031961754845	1146031987009692	1146031964126307
1146031969587153	1146031995241615	1146031971891845
1146031977969615	1146032003767230	1146031980197076
1146031986030615	1146032011845076	1146031988401615
1146031994964769	1146032020452076	1146031997148999
1146032003291538	1146032028521384	1146032005269692
1146032011383461	1146032036800769	1146032013921076
1146032019380384	1146032045194538	1146032021783769
1146032027156384	1146032053462615	1146032029253615
1146032035748769	1146032061816384	1146032038216692
1146032044503153	1146032070065922	1146032046483153
1146032053219769	1146032078641692	1146032055342230
1146032060974615	1146032086755230	1146032063162307
1146032068796384	1146032095030307	1146032070774538
1146032078020692	1146032103333615	1146032080185692
1146032086372153	1146032111651538	1146032089608999
1146032094998615	1146032119964692	1146032097125615
1146032102828769	1146032128307153	1146032105067461
1146032111911230	1146032136651769	1146032113956076
1146032120362845	1146032144905999	1146032122101999
1146032127542615	1146032153295769	1146032129633384
1146032137327230	1146032161539538	1146032138628769
1146032145268769	1146032169858230	1146032146880769
1146032153359230	1146032178195538	1146032154816999
1146032160997307	1146032186498307	1146032162786922
1146032169807845	1146032194807845	1146032171412153
1146032177769307	1146032203156153	1146032179819845
1146032185660692	1146032211434922	1146032187465692
1146032193546922	1146032219756999	1146032195258230
1146032201024384	1146032228068999	1146032202897999
1146032210203230	1146032236392999	1146032211739538
1146032217620769	1146032244691230	1146032219395769
1146032227043461	1146032253032384	1146032229004692
1146032235036384	1146032261342845	1146032236616076
1146032243252384	1146032269672153	1146032244862922
1146032251024769	1146032278015153	1146032253169384
1146032259477615	1146032286308384	1146032261570538
1146032268147230	1146032294628461	1146032270100999
1146032276257692	1146032302942615	1146032278272769
1146032284549615	1146032311287461	1146032286688461
1146032295126922	1146032319585922	1146032296592692
1146032303110538	1146032327950230	1146032304589692
1146032310252692	1146032336246922	1146032312098615
1146032319573384	1146032344555153	1146032321343538
1146032328460692	1146032352869692	1146032329905615
1146032336766922	1146032361200461	1146032338228999
1146032343762615	1146032369510845	1146032345001922
1146032353268999	1146032377899769	1146032355126845
1146032362124153	1146032386132692	1146032363168153
1146032368818845	1146032394473692	1146032370786845
1146032377178615	1146032402768769	1146032379119461
1146032386158615	1146032411071230	1146032388217307
1146032402919153	1146032419447845	1146032408915461
1146032405889999	1146032427710307	1146032410707230
1146032411220769	1146032436011769	1146032412475153
1146032417486307	1146032444328692	1146032419502615
1146032425968999	1146032452657922	1146032428108153
1146032434216999	1146032460972999	1146032436260384
1146032442649615	1146032469417922	1146032444552769
1146032452504461	1146032477661384	1146032454177307
1146032462226230	1146032485927538	1146032464219153
1146032468569307	1146032494325999	1146032470797384
1146032478619769	1146032502565307	1146032479769692
1146032484861922	1146032510946922	1146032486644153
1146032494273076	1146032519196692	1146032495626230
1146032501996461	1146032527552384	1146032503337999
1146032510743153	1146032535840692	1146032512943538
1146032518273076	1146032544160999	1146032520219769
1146032527815230	1146032552656999	1146032529849999
1146032535074538	1146032560815153	1146032536985615
1146032543372384	1146032569091845	1146032544930230
1146032551889615	1146032577472461	1146032553522615
1146032560261922	1146032585738307	1146032561982307
1146032567246615	1146032594026307	1146032569420384
1146032576819769	1146032602348769	1146032578088692
1146032584875769	1146032610678230	1146032586529922
1146032593705615	1146032618997692	1146032595235230
1146032600922845	1146032627295153	1146032602847769
1146032610098230	1146032635608692	1146032612133076
1146032618416153	1146032643925076	1146032620763230
1146032626966922	1146032652251153	1146032628499538
1146032635052692	1146032660589922	1146032636851153
1146032642643845	1146032668889922	1146032644539538
1146032651920153	1146032677203538	1146032653867769
1146032660307153	1146032685521384	1146032662167461
1146032670443769	1146032693824692	1146032671708999
1146032678993076	1146032702139230	1146032679241076
1146032684721922	1146032710477692	1146032686733307
1146032692321999	9223372036854775807	1146032694224384
