8333333
1146260264723782	1146260289772782	1146260266489628
1146260272193705	1146260298064398	1146260273664705
1146260280764782	1146260306377321	1146260282367782
1146260291732474	1146260314714013	1146260292809628
1146260297645090	1146260323014321	1146260299527782
1146260305987244	1146260331327167	1146260308418936
1146260315269321	1146260339705013	1146260316607244
1146260321704782	1146260347990321	1146260323383167
1146260333828474	1146260356279782	1146260335375167
1146260338318859	1146260364589628	1146260339731859
1146260347455244	1146260372913090	1146260348906321
1146260355746859	1146260381231782	1146260357815551
1146260363347244	1146260389554551	1146260365237705
1146260372701013	1146260397866013	1146260374477705
1146260381009628	1146260406185013	1146260382497090
1146260390369398	1146260414759859	1146260391993628
1146260398061090	1146260422812474	1146260399819244
1146260405219782	1146260431135782	1146260407022244
1146260413063551	1146260439441936	1146260415137398
1146260421895551	1146260448020398	1146260424027551
1146260431174551	1146260456093013	1146260432655167
1146260439399244	1146260464395551	1146260441206013
1146260447377398	1146260472726551	1146260449449398
1146260454691551	1146260481033013	1146260456755244
1146260463894936	1146260489347474	1146260466048782
1146260472167551	1146260497677936	1146260474110013
1146260480518013	1146260505992398	1146260482650321
1146260488871244	1146260514294013	1146260490490628
1146260498102321	1146260522616474	1146260499457090
1146260506193090	1146260530922321	1146260508000705
1146260513544167	1146260539236398	1146260514790936
1146260522463551	1146260547570013	1146260524046859
1146260529329628	1146260555880474	1146260531371551
1146260537516398	1146260564201398	1146260539698936
1146260547415859	1146260572511244	1146260548993090
1146260556538551	1146260580870321	1146260558192167
1146260563658936	1146260589175474	1146260565547782
1146260571977321	1146260597482628	1146260573696398
1146260580837013	1146260605776090	1146260582169398
1146260589915859	1146260614127782	1146260591070551
1146260597227782	1146260622455551	1146260599073628
1146260605853321	1146260630723551	1146260607321936
1146260614385936	1146260639173936	1146260615889398
1146260621845013	1146260647361705	1146260623461090
1146260630702013	1146260655680474	1146260632429936
1146260638642859	1146260663989628	1146260640085628
1146260647347474	1146260672308090	1146260648775859
1146260657157628	1146260680622321	1146260657799244
1146260664199167	1146260688952474	1146260665896167
1146260671786551	1146260697260705	1146260672952782
1146260679526321	1146260705564705	1146260681551244
1146260689580474	1146260713901936	1146260691392398
1146260696477936	1146260722210859	1146260698071782
1146260713745936	1146260730538859	1146260715185936
1146260716569936	1146260738845628	1146260718369321
1146260721266859	1146260747199474	1146260722470859
1146260730113936	1146260755518013	1146260731660705
1146260738587167	1146260763828474	1146260740386628
1146260746972782	1146260772116398	1146260748678321
1146260754487859	1146260780436090	1146260756358013
1146260762939244	1146260788788167	1146260765362321
1146260770708090	1146260797075474	1146260772711474
1146260780381705	1146260805386551	1146260782285321
1146260790161321	1146260813723859	1146260790907859
1146260797884474	1146260822024782	1146260800197398
1146260804236474	1146260830332705	1146260806826859
1146260813028474	1146260838690551	1146260815246551
1146260821354321	1146260847036167	1146260823257398
1146260830667474	1146260855305398	1146260832743474
1146260837644705	1146260863647244	1146260839735551
1146260846972398	1146260871945398	1146260848640167
1146260854316167	1146260880255551	1146260856194013
1146260862846013	1146260888557321	1146260864838628
1146260871886859	1146260896898244	1146260873453013
1146260879266859	1146260905237705	1146260881185398
1146260887571244	1146260913512705	1146260889475167
1146260896434628	1146260921825398	1146260897960398
1146260904536090	1146260930148474	1146260906559782
1146260912848167	1146260938450936	1146260914692705
1146260920782936	1146260946768705	1146260922367859
1146260928602244	1146260955259551	1146260930359474
1146260936612398	1146260963406013	1146260938316705
1146260944706013	1146260971730551	1146260946778321
1146260952802936	1146260980065628	1146260954950859
1146260961262628	1146260988420782	1146260963314936
1146260969675244	1146260996677705	1146260971730628
1146260980168398	1146261005002321	1146260981558859
1146260986919474	1146261013345013	1146260988886013
1146260997627474	1146261021639167	1146260999034859
1146261004446859	1146261029954321	1146261006050936
1146261012649705	1146261038391167	1146261015108782
1146261020982244	1146261046867782	1146261023054551
1146261030530321	1146261054907859	1146261031963782
1146261037892398	1146261063219551	1146261039851474
1146261047090936	1146261071531244	1146261048233321
1146261054004474	1146261079855859	1146261055673398
1146261062211859	1146261088178859	1146261064061013
1146261069667859	1146261096489398	1146261071766321
1146261078914321	1146261104797705	1146261080822321
1146261086544474	1146261113123244	1146261088167859
1146261095044705	1146261121439167	1146261097059167
1146261102486244	1146261129757628	1146261104501936
1146261111078628	1146261138066321	1146261113075551
1146261120162013	1146261146484398	1146261121605705
1146261128522628	1146261154710321	1146261130005705
1146261137033321	1146261163021398	1146261138872090
1146261145670628	1146261171407474	1146261147830321
1146261153865398	1146261179664398	1146261155920398
1146261163917705	1146261187977398	1146261165381936
1146261170863782	1146261196286628	1146261172438013
1146261179599474	1146261204603551	1146261180985398
1146261187263474	1146261212925628	1146261189144705
1146261196303167	1146261221234321	1146261197545936
1146261204791551	1146261229554321	1146261206159167
1146261218453936	1146261237900705	1146261219880705
1146261220583551	1146261246228782	1146261223443859
1146261229093013	1146261254513936	1146261230396398
1146261236479859	1146261262825013	1146261238350859
1146261244894551	1146261271146551	1146261246909936
1146261254470859	1146261279478936	1146261255781936
1146261262373013	1146261287771551	1146261263870013
1146261270529398	1146261296195474	1146261272398551
1146261279563244	1146261304400474	1146261281020782
1146261286750551	1146261312722013	1146261288777090
1146261296222551	1146261321061705	1146261297687859
1146261303279859	9223372036854775807	1146261305079474
1146261312194013	9223372036854775807	1146261314230859
