8333333
1145838638759526	1145838663233065	1145838640732449
1145838646295526	1145838671573988	1145838648082603
1145838654232757	1145838679920988	1145838656460065
1145838662617911	1145838688268757	1145838664804988
1145838671824065	1145838696612680	1145838673735142
1145838678943219	1145838705013372	1145838680943757
1145838687675449	1145838713498219	1145838689691834
1145838695533911	1145838721638219	1145838697287449
1145838704758219	1145838730003449	1145838706734219
1145838713348449	1145838738331834	1145838715093372
1145838720756449	1145838746672372	1145838722541603
1145838729303449	1145838755007834	1145838731272065
1145838739701065	1145838763374834	1145838739658911
1145838747272142	1145838771687449	1145838748214834
1145838754150526	1145838780159757	1145838755899526
1145838762419449	1145838788500757	1145838764262834
1145838770966603	1145838796741295	1145838773124449
1145838779440142	1145838805075526	1145838780931526
1145838787570603	1145838813397911	1145838789813372
1145838797251834	1145838821726603	1145838798227449
1145838804716065	1145838830075142	1145838807145988
1145838814615757	1145838838414603	1145838816058834
1145838821361065	1145838846842526	1145838823297295
1145838829245295	1145838855109680	1145838831637372
1145838837930219	1145838863435449	1145838840149603
1145838846108142	1145838871799526	1145838848445295
1145838855046295	1145838880127834	1145838856592680
1145838862882219	1145838888490526	1145838864806603
1145838871590295	1145838896800065	1145838873106219
1145838879214834	1145838905128142	1145838881074219
1145838888190603	1145838913486295	1145838890052142
1145838904592680	1145838921892988	1145838906128449
1145838907511526	1145838930159757	1145838909512449
1145838911362834	1145838938694603	1145838912609295
1145838921040757	1145838946849372	1145838923591526
1145838929672142	1145838955240757	1145838931688142
1145838937878219	1145838963519219	1145838939574911
1145838945560680	1145838971862219	1145838947789295
1145838955620680	1145838980344449	1145838957046603
1145838963900372	1145838988534834	1145838965569603
1145838973050834	1145838996886834	1145838974059449
1145838980131757	1145839005232065	1145838982210295
1145838987088449	1145839013576065	1145838989049372
1145838995510295	1145839021947757	1145838997701911
1145839005169603	1145839030337911	1145839007264449
1145839014133372	1145839038595142	1145839015861065
1145839022849603	1145839046928757	1145839024296065
1145839029805911	1145839055266911	1145839031477372
1145839037305988	1145839063623142	1145839039227757
1145839045816065	1145839071966911	1145839047684988
1145839055145988	1145839080344065	1145839057296142
1145839062268757	1145839088669603	1145839064320988
1145839070854295	1145839096983449	1145839073080757
1145839081626219	1145839105394834	1145839083045988
1145839089441295	1145839113654295	1145839091221372
1145839096530526	1145839121988372	1145839098148988
1145839104904142	1145839130348372	1145839107031142
1145839113025065	1145839138673603	1145839114859219
1145839121519757	1145839147018834	1145839123764680
1145839130650834	1145839155348065	1145839132270911
1145839138296142	1145839163740449	1145839140786911
1145839147213603	1145839172145911	1145839149203142
1145839154336065	1145839180361603	1145839156797295
1145839163710911	1145839188714834	1145839165568449
1145839171817603	1145839197041911	1145839173434295
1145839180411219	1145839205397911	1145839182505065
1145839187902219	1145839213735757	1145839189904757
1145839195424372	1145839222185988	1145839197699449
1145839203907449	1145839230421988	1145839205871449
1145839213272065	1145839238758911	1145839214970295
1145839222358603	1145839247097295	1145839224155834
1145839230492372	1145839255426526	1145839232272680
1145839237945988	1145839263790603	1145839239638526
1145839247132449	1145839272123526	1145839248652449
1145839254876757	1145839280499142	1145839256477988
1145839263062603	1145839288921603	1145839265056988
1145839271707757	1145839297135834	1145839273506295
1145839279837372	1145839305475219	1145839281182911
1145839290445680	1145839313914603	1145839289837680
1145839295400757	1145839322150603	1145839297819526
1145839303536988	1145839330491526	1145839305677911
1145839311771526	1145839338869603	1145839313900757
1145839320237372	1145839347181911	1145839322289295
1145839328803449	1145839355551834	1145839330757065
1145839337730603	1145839363868988	1145839339817372
1145839347457295	1145839372240988	1145839349179526
1145839355989295	1145839380542219	1145839357412065
1145839363309603	1145839388887142	1145839365008142
1145839370775834	1145839397221988	1145839372784988
1145839380283757	1145839405559142	1145839381808065
1145839388251834	1145839413903834	1145839390425680
0	1145839422250834	1145839414482603
1145839411728142	1145839430721295	1145839416095449
1145839416495142	1145839438938834	1145839417979526
1145839420792372	1145839447260757	1145839423022834
1145839428353603	1145839455629295	1145839430120372
1145839436590834	1145839463958603	1145839438426911
1145839445707834	1145839472288988	1145839447597988
1145839453198834	1145839480623834	1145839455295757
1145839462054834	1145839489004449	1145839464290834
1145839471230295	1145839497340372	1145839472950834
1145839479489065	1145839505649296	1145839481149295
1145839488575142	1145839513995142	1145839490471449
1145839496690834	1145839522329911	1145839498650603
1145839505526219	1145839530674296	1145839507123757
1145839513700372	1145839539018296	1145839515307757
1145839522106526	1145839547357296	1145839523553065
1145839530841065	1145839555706296	1145839531768680
1145839537625372	1145839564093065	1145839539648757
1145839546555219	1145839572411219	1145839548274219
1145839554414296	1145839580740449	1145839556076372
1145839562161065	1145839589076988	1145839564425065
1145839571207449	1145839597431219	1145839573151449
1145839579383526	1145839605777372	1145839581137296
1145839587197988	1145839614118911	1145839589035757
1145839596221988	1145839622486911	1145839598246834
1145839606067219	1145839630808988	1145839607675526
1145839614049988	1145839639177603	1145839615911449
1145839622259449	1145839647600680	1145839624307142
1145839630636757	1145839655841065	1145839632131142
1145839638355757	1145839664242296	1145839640129988
1145839647629911	1145839672522296	1145839649117911
1145839655981296	1145839680872372	1145839657490911
1145839663370296	1145839689198296	1145839665025988
1145839671293988	1145839697540065	1145839673103757
1145839680693603	1145839705884065	1145839682652065
1145839687702911	9223372036854775807	1145839689784142
