8333333
1145756464685906	1145756488881367	1145756466508137
1145756472671444	1145756497062598	1145756474015137
1145756480674598	1145756505394214	1145756482190521
1145756487855444	1145756514006291	1145756489755137
1145756498433060	1145756522064367	1145756499008137
1145756506969291	1145756530407521	1145756507403444
1145756513536137	1145756538752675	1145756515718598
1145756520706291	1145756547094598	1145756522652675
1145756527127521	1145756555431214	1145756529468752
1145756537363829	1145756563765060	1145756538987444
1145756545573675	1145756572115444	1145756547654521
1145756554224675	1145756580466214	1145756556620983
1145756561884060	1145756588844367	1145756564084983
1145756571057598	1145756597137906	1145756573017291
1145756579649906	1145756605558291	1145756581584060
1145756587675829	1145756613821598	1145756589694291
1145756596479829	1145756622144060	1145756598515752
1145756604744367	1145756630508675	1145756606840060
1145756612144675	1145756638813367	1145756614158214
1145756621094598	1145756647158214	1145756623073675
1145756629172752	1145756655500137	1145756631151829
1145756635512060	1145756663835521	1145756637801367
1145756645339444	1145756672209906	1145756647713060
1145756652899137	1145756680532752	1145756655337060
1145756662276675	1145756688865906	1145756664398829
1145756670697983	1145756697213983	1145756672703214
1145756679187214	1145756705644752	1145756681267137
1145756688179444	1145756713883444	1145756690248137
1145756695869291	1145756722223829	1145756698303752
1145756705049906	1145756730571214	1145756707239829
1145756712851214	1145756738951752	1145756714792060
1145756720846214	1145756747313060	1145756722867137
1145756729256444	1145756755577291	1145756731546598
1145756738471214	1145756763970906	1145756740894829
1145756747091829	1145756772295444	1145756748594598
1145756753740060	1145756780619752	1145756756075752
1145756763528675	1145756789026214	1145756765494829
1145756772501367	1145756797391521	1145756774448983
1145756780432444	1145756805725367	1145756782822521
1145756788284752	1145756813987752	1145756790545906
1145756796825060	1145756822351444	1145756798986521
1145756805586291	1145756830683752	1145756807786291
1145756813063137	1145756839000367	1145756815539752
1145756821213906	1145756847715137	1145756823509983
1145756841389367	1145756855672752	1145756843230906
1145756844343137	1145756864016983	1145756846818598
1145756847273291	1145756872360137	1145756848350829
1145756854281598	1145756880746291	1145756856400675
1145756862871752	1145756889041060	1145756864990214
1145756871287752	1145756897407752	1145756873725675
1145756880309291	1145756905881598	1145756882033060
1145756889472675	1145756914078214	1145756891498829
1145756896743829	1145756922462829	1145756898708675
1145756904797675	1145756930738521	1145756906945060
1145756913943829	1145756939069983	1145756915720983
1145756922088983	1145756947464060	1145756923876060
1145756930038214	1145756955819752	1145756932067214
1145756938920444	1145756964135752	1145756941107137
1145756946029291	1145756972421060	1145756948099829
1145756955329060	1145756980829060	1145756957085983
1145756963542291	1145756989139829	1145756966102598
1145756971292752	1145756997503829	1145756973387752
1145756979529983	1145757005789060	1145756981542521
1145756988124060	1145757014144137	1145756990160368
1145756996425368	1145757022465368	1145756998531444
1145757004605598	1145757030883137	1145757006798829
1145757013612752	1145757039147521	1145757015639829
1145757022250598	1145757047487444	1145757024329906
1145757029491214	1145757055842521	1145757031660675
1145757036606291	1145757064156675	1145757039065598
1145757044435521	1145757072517983	1145757046838906
1145757053760675	1145757080869983	1145757055845675
1145757061865675	1145757089216983	1145757063970521
1145757069976060	1145757097544060	1145757072186291
1145757078845906	1145757105875752	1145757081331752
1145757087454291	1145757114245291	1145757089722521
1145757095900444	1145757122551444	1145757098067137
1145757105312368	1145757130895137	1145757107243521
1145757113756675	1145757139233983	1145757115827444
1145757122295214	1145757147564983	1145757124522521
1145757130986521	1145757155908060	1145757132826829
1145757136189291	1145757164243829	1145757138617983
1145757146073368	1145757172665675	1145757148155214
1145757154093060	1145757180938829	1145757156213368
1145757163925291	1145757189271829	1145757166086291
1145757171856752	1145757197596983	1145757173920060
1145757180892444	1145757205925906	1145757183009598
1145757187164983	1145757214277368	1145757189532444
1145757195776368	1145757222685983	1145757197853368
1145757203238906	1145757231031521	1145757205538906
1145757211260444	1145757239319137	1145757213483137
1145757219805983	1145757247670829	1145757222100444
1145757228602829	1145757255980368	1145757230802521
1145757237033368	1145757264568444	1145757239195214
1145757246882521	1145757272658906	1145757249132752
1145757255458291	1145757281027521	1145757257719214
1145757263467829	1145757289407752	1145757265800983
1145757271998598	1145757297786906	1145757274036444
1145757280266521	1145757306053906	1145757282464675
1145757288762214	1145757314511444	1145757290563444
1145757297204675	1145757322709983	1145757299231752
1145757305050598	1145757331040060	1145757307217675
1145757313944444	1145757339382598	1145757316148137
1145757321467214	1145757347737906	1145757323608675
1145757341835214	1145757356108444	1145757343690291
1145757344273368	1145757364607137	1145757345460060
1145757346212137	1145757372834521	1145757349099137
1145757355361906	1145757381185906	1145757357284137
1145757362325675	1145757389471752	1145757364560675
1145757370265983	1145757397844444	1145757372620444
1145757378785983	1145757406099137	1145757381192137
1145757388695137	1145757414464983	1145757390455521
1145757397273060	1145757422813368	1145757399461291
1145757404908983	1145757431136444	1145757406929983
1145757413241598	1145757439569368	1145757415321291
1145757421802906	1145757447810598	1145757424162598
1145757430253291	1145757456302829	1145757432820137
1145757437937060	1145757464522829	1145757440379214
1145757447159521	1145757472834214	1145757449310214
1145757455055752	1145757481160752	1145757457329060
1145757463296060	1145757489574906	1145757465679214
1145757472139444	1145757497900752	1145757474726598
1145757480233983	1145757506187521	1145757483022214
1145757490313675	1145757514551521	1145757493222521
1145757496851137	1145757522854291	1145757498650214
1145757505446829	1145757531225906	1145757508309598
1145757513202906	9223372036854775807	1145757515572675
