8333333
1145732911698828	1145732936241366	1145732913162289
1145732919330520	1145732944583135	1145732921139212
1145732927591751	1145732952937058	1145732929460058
1145732934877674	1145732961255135	1145732936874828
1145732943798520	1145732969601674	1145732945904135
1145732952217674	1145732977991751	1145732954187828
1145732962164674	1145732986271828	1145732963445289
1145732968405289	1145732994608366	1145732970328751
1145732976804443	1145733002948751	1145732978922289
1145732986232981	1145733011284135	1145732988609366
1145732995148981	1145733019668366	1145732997093289
1145733002689905	1145733027963751	1145733004289674
1145733010666520	1145733036303751	1145733012424366
1145733018660981	1145733044638905	1145733020661597
1145733027326597	1145733052988366	1145733029216751
1145733035276135	1145733061321366	1145733037179751
1145733045773905	1145733069709289	1145733047198828
1145733053114597	1145733078277674	1145733054518905
1145733061817981	1145733086365289	1145733063168058
1145733070111212	1145733094714289	1145733071703212
1145733079243751	1145733103011828	1145733080456751
1145733086567135	1145733111335751	1145733088311212
1145733094917058	1145733119718597	1145733096333674
1145733101677289	1145733128016443	1145733103527135
1145733110699520	1145733136372751	1145733112516443
1145733118858905	1145733144814289	1145733120538828
1145733127850828	1145733153049905	1145733129744981
1145733135921058	1145733161383443	1145733137709597
1145733144270597	1145733169739135	1145733146523135
1145733154781289	1145733178042289	1145733156152674
1145733161334289	1145733186421981	1145733162742828
1145733170257058	1145733194722520	1145733171213366
1145733177157905	1145733203065366	1145733179053674
1145733186469366	1145733211397674	1145733188341905
1145733193847520	1145733219742905	1145733195861058
1145733203163135	1145733228073597	1145733204964751
1145733210350212	1145733236416058	1145733211924981
1145733219335443	1145733244752058	1145733221223751
1145733227933058	1145733253126828	1145733229494828
1145733235514212	1145733261504366	1145733236988751
1145733243198289	1145733269778520	1145733245157981
1145733250898828	1145733278124674	1145733252901905
1145733260573597	1145733286455135	1145733262429289
1145733273452366	1145733294786289	1145733275144443
1145733275745674	1145733303141981	1145733277930212
1145733284980674	1145733311496751	1145733286765905
1145733294285597	1145733319813981	1145733295689981
1145733301895443	1145733328142828	1145733303730905
1145733322460443	1145733336489905	1145733325196135
1145733325823135	1145733344829905	1145733328429597
1145733328898828	1145733353162828	1145733330148443
1145733334898212	1145733361517597	1145733336709905
1145733343758905	1145733369848674	1145733345901058
1145733353542212	1145733378176751	1145733355033289
1145733361082520	1145733386517981	1145733362283520
1145733369392135	1145733394855135	1145733370832674
1145733377888135	1145733403367828	1145733379470597
1145733385356981	1145733411754520	1145733387023751
1145733394388674	1145733419870905	1145733396193597
1145733403409058	1145733428221674	1145733404986520
1145733411864058	1145733436545597	1145733413267828
1145733418929366	1145733444981905	1145733421049674
1145733426994289	1145733453303520	1145733429116058
1145733435829905	1145733461559828	1145733438089058
1145733444900443	1145733469905981	1145733446936135
1145733451897289	1145733478237905	1145733454259212
1145733460236058	1145733486588058	1145733462350597
1145733470495828	1145733494957905	1145733472134212
1145733477937058	1145733503261674	1145733479831212
1145733486016751	1145733511607443	1145733488117366
1145733494546597	1145733519940366	1145733496815212
1145733503103751	1145733528276981	1145733505523443
1145733510581366	1145733536632981	1145733512806828
1145733518115212	1145733544964751	1145733520310828
1145733529780751	1145733553284751	1145733530508751
1145733537047520	1145733561644751	1145733538783520
1145733544660366	1145733570009981	1145733546390289
1145733551969597	1145733578296058	1145733554039751
1145733559010597	1145733586643828	1145733561332135
1145733567899828	1145733594980443	1145733570116981
1145733576492443	1145733603375212	1145733578589366
1145733584620058	1145733611648981	1145733586811443
1145733593193981	1145733619991520	1145733595295520
1145733601335751	1145733628333905	1145733603356981
1145733609845981	1145733636669366	1145733611844674
1145733618195520	1145733645009366	1145733620225674
1145733627128674	1145733653352443	1145733629200443
1145733636238828	1145733661699828	1145733637630520
1145733643472366	1145733670081597	1145733645342828
1145733652109597	1145733678373289	1145733654253058
1145733661697674	1145733686706828	1145733663213289
1145733670631520	1145733695037982	1145733672361289
1145733678664135	1145733703456751	1145733680306520
1145733685984058	1145733711725366	1145733687510828
1145733694190520	1145733720082828	1145733696207828
1145733701309905	1145733728473674	1145733703474289
1145733711721058	1145733736765289	1145733713040982
1145733719162212	1145733745069597	1145733720443751
1145733726752443	1145733753403135	1145733728472135
1145733734951751	1145733761744982	1145733736941366
1145733744202905	1145733770109058	1145733745593982
1145733751932674	1145733778433366	1145733753744366
1145733759679135	1145733786774828	1145733761597674
1145733769514520	1145733795104751	1145733770452982
1145733778840058	1145733803442905	1145733780710520
1145733787396751	1145733811808674	1145733788135828
1145733794494905	1145733820132751	1145733796386520
1145733803395212	1145733828513366	1145733804692058
1145733820852135	1145733836808982	1145733825256982
1145733823670905	1145733845148982	1145733826925058
1145733828843212	1145733853476135	1145733830642520
1145733837034289	1145733861821289	1145733838873674
1145733844758289	1145733870345366	1145733847133597
1145733852584135	1145733878482828	1145733854478520
1145733861150212	1145733886846905	1145733862958212
1145733868314597	1145733895211520	1145733870229289
1145733877043135	1145733903505289	1145733878731520
1145733886176674	1145733911843135	1145733887361058
1145733893234597	1145733920177058	1145733895425289
1145733901496982	1145733928515212	1145733903619751
1145733909968366	1145733937304982	1145733912268443
1145733917976674	1145733945202520	1145733920204058
1145733928170905	1145733953556135	1145733930061674
1145733935597905	1145733961874905	1145733937953366
1145733945630212	1145733970213597	1145733947337366
1145733953911751	9223372036854775807	1145733954881289
1145733960881982	9223372036854775807	1145733963214289
