8333333
1146271932935244	1146271957892091	1146271934447783
1146271940534937	1146271966103167	1146271942152167
1146271950663552	1146271974447167	1146271952164783
1146271958092706	1146271982786552	1146271959439244
1146271965852783	1146271991067167	1146271967674629
1146271974491860	1146271999377321	1146271976237937
1146271981949706	1146272007777706	1146271983965014
1146271991685091	1146272016014552	1146271992543860
1146271997790937	1146272024333014	1146271999688475
1146272008163475	1146272032640475	1146272009705321
1146272015571475	1146272040971167	1146272017183167
1146272022953014	1146272049294552	1146272024755552
1146272031789014	1146272057640475	1146272033592475
1146272041034244	1146272065919552	1146272042547552
1146272048290629	1146272074268398	1146272050136783
1146272057099167	1146272082542014	1146272058546937
1146272064979475	1146272090872706	1146272066562629
1146272073835244	1146272099206321	1146272075814937
1146272082073014	1146272107495244	1146272083370014
1146272090314629	1146272115832783	1146272092355475
1146272097945706	1146272124134552	1146272099769398
1146272107172167	1146272132445706	1146272109318860
1146272116150860	1146272140757014	1146272117528091
1146272124531552	1146272149087860	1146272125694937
1146272131266244	1146272157414629	1146272132730552
1146272139016398	1146272165734244	1146272140751552
1146272148405321	1146272174044167	1146272150330321
1146272156607167	1146272182355475	1146272158243167
1146272167095860	1146272190709398	1146272167408706
1146272172727167	1146272199008475	1146272174638014
1146272182668398	1146272207300706	1146272184221629
1146272189438629	1146272215618629	1146272191435552
1146272198736706	1146272223961937	1146272200284167
1146272206497091	1146272232249398	1146272208248475
1146272215521937	1146272240579244	1146272217770937
1146272222983167	1146272248883244	1146272226418937
1146272230870629	1146272257489629	1146272233117321
1146272239734860	1146272265559167	1146272242120706
1146272248675860	1146272273835244	1146272249880091
1146272256664783	1146272282161398	1146272258097398
1146272265109629	1146272290501398	1146272266466937
1146272274411244	1146272298774552	1146272275918552
1146272281927552	1146272307148783	1146272283569321
1146272289664091	1146272315455244	1146272291320091
1146272298325321	1146272323965014	1146272300249706
1146272306259552	1146272332256783	1146272308157937
1146272315183475	1146272340574860	1146272317098014
1146272323650321	1146272348699860	1146272325640706
1146272331629937	1146272357069398	1146272333563244
1146272339389398	1146272365320091	1146272342066552
1146272349299475	1146272373636398	1146272351280091
1146272357101398	1146272382070552	1146272359091860
1146272365716706	1146272390263244	1146272367448398
1146272381207244	1146272398593706	1146272383090014
1146272383827552	1146272406910321	1146272384794937
1146272389382860	1146272415224091	1146272391767475
1146272397121937	1146272423635475	1146272399149629
1146272405878552	1146272431856091	1146272407978014
1146272417982629	1146272440191552	1146272419067552
1146272423658244	1146272448523244	1146272426030014
1146272431130629	1146272456832167	1146272433348783
1146272441721398	1146272465131244	1146272442366552
1146272447112783	1146272473620091	1146272449195860
1146272455507167	1146272481762552	1146272457719244
1146272465182629	1146272490107475	1146272466572398
1146272473267244	1146272498374937	1146272474826629
1146272482032398	1146272506693629	1146272483498014
1146272489663860	1146272515035475	1146272491537014
1146272497872783	1146272523353937	1146272499545321
1146272506220167	1146272531648706	1146272507938244
1146272513948398	1146272539962552	1146272515981398
1146272522066321	1146272548271783	1146272524174552
1146272530497014	1146272556603783	1146272532426937
1146272538505398	1146272564910937	1146272540542937
1146272547522629	1146272573229706	1146272549488091
1146272555916167	1146272581551860	1146272557904706
1146272563873706	1146272589871783	1146272565841014
1146272572254321	1146272598171244	1146272574013398
1146272580099167	1146272606487167	1146272581992706
1146272587771475	1146272614811552	1146272589731167
1146272596189321	1146272623126014	1146272597999860
1146272603818552	1146272631454629	1146272606141937
1146272613152091	1146272639754321	1146272614665014
1146272621644475	1146272648177091	1146272623827244
1146272630289321	1146272656461321	1146272631896475
1146272638970014	1146272664722552	1146272640842321
1146272646764091	1146272673027167	1146272648873937
1146272657742629	1146272681355552	1146272658754244
1146272665508706	1146272689665014	1146272666729629
1146272672488783	1146272698016475	1146272673533398
1146272680923552	1146272706395860	1146272682150629
1146272690298860	1146272714613629	1146272691529706
1146272698328091	1146272722931860	1146272700161091
1146272705947552	1146272731245014	1146272707976398
1146272714174860	1146272739556167	1146272716097321
1146272723023860	1146272747871860	1146272724601937
1146272729794860	1146272756311244	1146272731759860
1146272738324706	1146272764526321	1146272740322552
1146272746206014	1146272772826014	1146272748410629
1146272754105937	1146272781156167	1146272756278014
1146272762307783	1146272789460167	1146272764502321
1146272770262629	1146272797787783	1146272772678937
1146272780976398	1146272806136091	1146272782520091
1146272788651475	1146272814442860	1146272790286629
1146272797736398	1146272822750629	1146272798671475
1146272805244167	1146272831041321	1146272807190937
1146272813415783	1146272839369706	1146272815523552
1146272821596475	1146272847670014	1146272823660398
1146272830651783	1146272856028475	1146272832230860
1146272838685321	1146272864316167	1146272840753629
1146272846810860	1146272872640398	1146272848969321
1146272856874014	1146272880938321	1146272858291860
1146272864157014	1146272889257398	1146272865618552
1146272871280398	1146272897579552	1146272873339167
1146272888476398	1146272905923552	1146272892283167
1146272891405014	1146272914242937	1146272893987475
1146272896153706	1146272922550014	1146272897997091
1146272904635552	1146272930898937	1146272906545321
1146272913113706	1146272939166860	1146272914999860
1146272921759552	1146272947486937	1146272923523783
1146272929839783	1146272955799552	1146272931805398
1146272939130014	1146272964130244	1146272940394244
1146272947331783	1146272972426629	1146272948936167
1146272955383475	1146272980784398	1146272956969398
1146272963176706	1146272989064091	1146272965006244
1146272971774552	1146272997377014	1146272973663475
1146272979715244	9223372036854775807	1146272981304398
