8333333
1146090241773310	1146090257917695	1146090244640695
1146090246177926	1146090265978618	1146090248251772
1146090247911772	1146090274275234	1146090249870310
1146090255195234	1146090282636387	1146090257562541
1146090264830849	1146090290907157	1146090266503849
1146090273622618	1146090299486310	1146090275645080
1146090282306310	1146090307724695	1146090284280157
1146090289855464	1146090315901080	1146090291833310
1146090298475772	1146090324306849	1146090300822003
1146090306968387	1146090332486849	1146090309510003
1146090315517387	1146090340798541	1146090317492464
1146090323586003	1146090349128080	1146090325607464
1146090332490310	1146090357563772	1146090334273926
1146090340363234	1146090365749926	1146090342609618
1146090348519849	1146090374078310	1146090350531464
1146090356459464	1146090382388772	1146090358923464
1146090365017695	1146090390708772	1146090367325080
1146090374149310	1146090399053695	1146090376235234
1146090381248157	1146090407337926	1146090383459234
1146090389752695	1146090415709926	1146090391704772
1146090398153003	1146090424051234	1146090400040157
1146090406352080	1146090432325387	1146090408358003
1146090415140464	1146090440602234	1146090417277695
1146090424618310	1146090448921080	1146090426813618
1146090430746003	1146090457296695	1146090433323157
1146090439736464	1146090465744772	1146090442365387
1146090448171849	1146090473965003	1146090450287157
1146090456144772	1146090482180464	1146090458487157
1146090464139849	1146090490511234	1146090466726541
1146090472738234	1146090498810926	1146090475412157
1146090481036157	1146090507131464	1146090483453310
1146090489418541	1146090515720464	1146090491776695
1146090497971772	1146090523766541	1146090500509618
1146090506359772	1146090532120387	1146090508652157
1146090514746618	1146090540384464	1146090517189695
1146090522801618	1146090548728080	1146090525280695
1146090533081926	1146090557024695	1146090535117926
1146090539757003	1146090565501926	1146090542407849
1146090547724695	1146090573981387	1146090549905080
1146090556181080	1146090582117695	1146090558456157
1146090564133003	1146090590276080	1146090566514541
1146090572153926	1146090598733310	1146090574375234
1146090581448080	1146090606914926	1146090583731541
1146090589940080	1146090615235772	1146090592150310
1146090597881387	1146090623540464	1146090600399234
1146090605834541	1146090631866003	1146090608283157
1146090614854234	1146090640325387	1146090617285080
1146090621713695	1146090648693003	1146090623827234
1146090629770234	1146090656823541	1146090632093926
1146090639617310	1146090665140772	1146090642194310
1146090647806234	1146090673457080	1146090650726234
1146090656749003	1146090681758234	1146090659330849
1146090664626926	1146090690092080	1146090667021003
1146090673262926	1146090698392387	1146090675264695
1146090680868772	1146090706791464	1146090683159541
1146090688990926	1146090715045695	1146090691117003
1146090697177310	1146090723475849	1146090699324387
1146090706263772	1146090731804772	1146090708244695
1146090714942618	1146090739971234	1146090716873310
1146090722543541	1146090748386234	1146090724361003
1146090731085387	1146090756634310	1146090732914849
1146090747581310	1146090764933080	1146090754907849
1146090750414234	1146090773257080	1146090758918541
1146090757476464	1146090781610541	1146090760871772
1146090764423157	1146090789974849	1146090765620080
1146090772684772	1146090798305003	1146090774743541
1146090780834926	1146090806546541	1146090782880695
1146090788897310	1146090814822541	1146090791063849
1146090797269618	1146090823145618	1146090799352387
1146090805760464	1146090831469003	1146090807971234
1146090813651157	1146090839763157	1146090815630618
1146090822203541	1146090848379849	1146090824460080
1146090830840080	1146090856398618	1146090832797618
1146090839260772	1146090864710310	1146090841081387
1146090847726234	1146090873026618	1146090849822926
1146090855686849	1146090881346849	1146090857942849
1146090863443464	1146090889650234	1146090864996080
1146090871211464	1146090897969310	1146090872907157
1146090878827234	1146090906349387	1146090881213926
1146090887402618	1146090914601926	1146090889513695
1146090895666310	1146090922934926	1146090897830849
1146090903802541	1146090931245618	1146090906103849
1146090913381618	1146090939596695	1146090915247234
1146090922068695	1146090947916387	1146090924373310
1146090930346541	1146090956299234	1146090932419541
1146090938862849	1146090964512464	1146090941495772
1146090947854926	1146090972969310	1146090949645003
1146090954891157	1146090981183464	1146090957052695
1146090964481003	1146090989470310	1146090966348464
1146090972390234	1146090997858541	1146090974525926
1146090981113003	1146091006145695	1146090983261387
1146090989409080	1146091014404157	1146090991677387
1146090996839849	1146091022708464	1146090999094849
1146091006823157	1146091031025080	1146091008250003
1146091013207849	1146091039355234	1146091015229618
1146091019882234	1146091047698541	1146091021534310
1146091029347772	1146091055974849	1146091031494618
1146091036844387	1146091064313926	1146091038815541
1146091044899464	1146091072694618	1146091047162849
1146091053197695	1146091080946541	1146091055354926
1146091061893310	1146091089280080	1146091064273080
1146091071402618	1146091097571541	1146091073670310
1146091080067772	1146091105892157	1146091082245618
1146091087814618	1146091114208464	1146091090247849
1146091096698618	1146091122528772	1146091099025003
1146091106253387	1146091130821003	1146091107825618
1146091113500080	1146091139142310	1146091115877387
1146091122812387	1146091147457695	1146091124473618
1146091129937387	1146091155768772	1146091131575234
1146091138098003	1146091164175157	1146091139915234
1146091146528695	1146091172404695	1146091147936772
1146091152881003	1146091180710541	1146091155218849
1146091162008157	1146091189046926	1146091163954849
1146091172299464	1146091197421926	1146091173906003
1146091179716695	1146091205679772	1146091181617926
1146091188101387	1146091214053926	1146091189751772
1146091197915234	1146091222304157	1146091198821926
1146091205426849	1146091230624157	1146091207015541
1146091213873387	1146091238933695	1146091215538234
1146091221680772	1146091247241695	1146091223623157
1146091229543157	1146091255574311	1146091231239464
1146091238139234	1146091263949003	1146091239872695
1146091254114541	1146091272197926	1146091256234311
1146091256869080	1146091280523157	1146091259264157
1146091262596772	1146091288828387	1146091265772080
1146091272219157	1146091297148080	1146091274377080
1146091279407541	9223372036854775807	1146091281198003
