8333333
1145862059554835	1145862084776143	1145862061664758
1145862066881374	1145862093040681	1145862069119143
1145862075717374	1145862101478835	1145862077672374
1145862084723528	1145862109728989	1145862086746297
1145862092119835	1145862118070528	1145862093844143
1145862100581681	1145862126472989	1145862102397066
1145862108525297	1145862134761374	1145862110459835
1145862116969297	1145862143096374	1145862119048758
1145862126350297	1145862151423220	1145862128489681
1145862133995758	1145862159819758	1145862136159451
1145862142648451	1145862168417681	1145862144573297
1145862150482835	1145862176388681	1145862152205374
1145862159099835	1145862184725297	1145862160743835
1145862168136758	1145862193030912	1145862170009297
1145862175939220	1145862201432374	1145862177632143
1145862183944066	1145862209696758	1145862185937297
1145862192260989	1145862218009605	1145862193807143
1145862201425374	1145862226332681	1145862202684681
1145862210049066	1145862234650297	1145862211509912
1145862217905297	1145862243141374	1145862219574605
1145862227578912	1145862251355835	1145862228196451
1145862233517066	1145862259609374	1145862235427528
1145862243086220	1145862268057374	1145862244580143
1145862252591220	1145862276505297	1145862253850912
1145862258559143	1145862284593605	1145862260316758
1145862267014220	1145862292907528	1145862269105989
1145862275733066	1145862301471143	1145862278071528
1145862284568066	1145862309574912	1145862286662912
1145862294474605	1145862317934605	1145862295531143
1145862301106528	1145862326259758	1145862302449605
1145862310077989	1145862334608143	1145862311354220
1145862317344143	1145862342878220	1145862319341681
1145862325441374	1145862351181374	1145862327460143
1145862335057066	1145862359491758	1145862336256758
1145862342286605	1145862367863451	1145862343608374
1145862351262297	1145862376156758	1145862352969066
1145862358940143	1145862384591451	1145862360937374
1145862367170528	1145862392797066	1145862369284143
1145862375230220	1145862401185374	1145862377354297
1145862384773066	1145862409451220	1145862386011835
1145862393195758	1145862417790528	1145862394020451
1145862400290835	1145862426094912	1145862402397912
1145862408357912	1145862434422220	1145862410470220
1145862417568989	1145862442724681	1145862419095758
0	1145862451067451	1145862443435451
1145862441496374	1145862459375528	1145862444933066
1145862450025374	1145862467691835	1145862451791143
1145862459148681	1145862476151835	1145862461264066
1145862467657374	1145862484350220	1145862469525989
1145862474845066	1145862492677605	1145862477219143
1145862484620451	1145862500990912	1145862486334528
1145862492460066	1145862509361297	1145862494257989
1145862500160374	1145862517658528	1145862502019758
1145862508140989	1145862525961989	1145862509805297
1145862517921297	1145862534283220	1145862519586297
1145862525466605	1145862542639835	1145862527214220
1145862537022220	1145862550931220	1145862539027835
1145862541617681	1145862559247758	1145862543567835
1145862549992989	1145862567670220	1145862551524374
1145862558536758	1145862575927835	1145862560288758
1145862566753912	1145862584231451	1145862568827835
1145862575455835	1145862592552374	1145862578030297
1145862583781605	1145862600866912	1145862585828758
1145862592756143	1145862609198528	1145862594371528
1145862600767220	1145862617584451	1145862602581989
1145862609750528	1145862625848451	1145862611760681
1145862617000989	1145862634185297	1145862618945297
1145862625584681	1145862642479220	1145862627435143
1145862634844066	1145862650822220	1145862636602528
1145862641193681	1145862659133681	1145862643119758
1145862650155528	1145862667465681	1145862652334835
1145862658678605	1145862675880681	1145862661397297
1145862666754912	1145862684102297	1145862668849912
1145862674551835	1145862692431143	1145862676589066
1145862684379143	1145862700756066	1145862685950605
1145862693541297	1145862709095143	1145862694522835
1145862700771143	1145862717374528	1145862702536374
1145862707809297	1145862725697066	1145862709677297
1145862717045605	1145862734024758	1145862718773297
1145862725202835	1145862742359835	1145862727105682
1145862733638528	1145862750652989	1145862735153682
1145862740118220	1145862758993374	1145862742081066
1145862748833066	1145862767315143	1145862750897374
1145862756874835	1145862775706220	1145862759012451
1145862765218835	1145862783936066	1145862767406912
1145862773676143	1145862792257989	1145862775692451
1145862783596374	1145862800570297	1145862786073682
1145862791765605	1145862808894912	1145862793314912
1145862799832451	1145862817300451	1145862801858220
1145862810446605	1145862825533912	1145862811567835
1145862816364143	1145862833931451	1145862818341374
1145862825149912	1145862842173912	1145862826916758
1145862833599451	1145862850490605	1145862835153682
1145862841681297	1145862858843143	1145862843411758
1145862850094605	1145862867119835	1145862852176451
1145862858542528	1145862875439143	1145862860341682
1145862867444374	1145862883763758	1145862869500374
1145862873891451	1145862892157605	1145862875915143
1145862882491758	1145862900399451	1145862884120682
1145862890157605	1145862908762835	1145862892096374
1145862898491143	1145862917056758	1145862900579220
1145862906331220	1145862925357605	1145862908579528
1145862914694297	1145862933678297	1145862916945912
1145862923994297	1145862941990297	1145862926074528
1145862941816066	1145862958649297	1145862945912989
1145862943978528	1145862966964758	1145862947476143
1145862950584758	1145862975276143	1145862952604682
1145862957132374	1145862983646297	1145862959205374
1145862965918835	1145862991913682	1145862968138528
1145862975920066	1145863000260374	1145862976431143
1145862983020758	1145863008548374	1145862984636066
1145862990500682	1145863016875143	1145862992856143
1145862999708374	1145863025189066	1145863001298835
1145863007987528	1145863033563758	1145863010040989
1145863016328374	1145863041836451	1145863018169912
1145863023279220	1145863050155528	1145863025097297
1145863031613682	1145863058474297	1145863033449912
1145863040476451	1145863066784758	1145863042362528
1145863049344682	1145863075101297	1145863051195143
1145863057397297	1145863083428066	1145863059250297
1145863066639758	1145863091742297	1145863068643758
1145863073944374	1145863100090528	1145863075952758
1145863083379451	1145863108389912	1145863085401297
1145863089959835	1145863116706528	1145863091964066
1145863099353374	1145863125017297	1145863101122835
1145863107204374	1145863133343143	1145863109103835
1145863114368143	9223372036854775807	1145863116287451
