8333333
1146113896296389	1146113921278927	1146113898633620
1146113904061389	1146113929677081	1146113906446850
1146113914380158	1146113937914543	1146113915883158
1146113920143850	1146113946237696	1146113922581081
1146113928456158	1146113954538543	1146113930628466
1146113938096466	1146113962848389	1146113939756158
1146113945539235	1146113971175235	1146113947658312
1146113953697927	1146113979513389	1146113955330004
1146113962603235	1146113987808081	1146113964531773
1146113970407543	1146113996162235	1146113972347466
1146113979265312	1146114004465312	1146113980956389
1146113986473927	1146114012743235	1146113988417927
1146113995728389	1146114021144389	1146113997500773
1146114004453927	1146114029385927	1146114006504466
1146114011785620	1146114037709620	1146114013923466
1146114020626235	1146114046017389	1146114022613312
1146114027798620	1146114054351466	1146114029880773
1146114036956158	1146114062653927	1146114038726004
1146114044932081	1146114071023466	1146114046977004
1146114053880466	1146114079321389	1146114055932696
1146114062307158	1146114087631235	1146114064325620
1146114070472696	1146114095926235	1146114072889081
1146114091009004	1146114104241696	1146114095244389
1146114093697696	1146114112866312	1146114096775235
1146114097534850	1146114120897389	1146114100000389
1146114101263466	1146114129220773	1146114102844158
1146114111078312	1146114137542927	1146114112959850
1146114118979235	1146114145857312	1146114120988773
1146114127245312	1146114154156389	1146114129471850
1146114136837620	1146114162470927	1146114139112158
1146114145337389	1146114170777620	1146114147177004
1146114155053620	1146114179089696	1146114155783466
1146114163674004	1146114187417004	1146114164567235
1146114170279773	1146114195754312	1146114171382620
1146114178502312	1146114204135466	1146114180369927
1146114186782927	1146114212371466	1146114188894927
1146114198377696	1146114220681696	1146114198935850
1146114204755850	1146114229007158	1146114205982543
1146114212394312	1146114237315158	1146114213667235
1146114220212158	1146114245630312	1146114221798235
1146114227988696	1146114253974543	1146114229433004
1146114235994620	1146114262292158	1146114237749081
1146114244817927	1146114270657389	1146114246470312
1146114258823543	1146114278907543	1146114260453927
1146114260740081	1146114287256466	1146114262172773
1146114268874312	1146114295526620	1146114270641081
1146114277637389	1146114303866620	1146114279467235
1146114286598312	1146114312178004	1146114288161389
1146114294427773	1146114320499850	1146114296374312
1146114305341004	1146114328810004	1146114306631235
1146114312410235	1146114337132158	1146114314009389
1146114319875773	1146114345496466	1146114321946543
1146114328858235	1146114353766850	1146114330125004
1146114338410543	1146114362071235	1146114339681389
1146114346400389	1146114370442620	1146114348626620
1146114354836389	1146114378727543	1146114354957620
1146114360598620	1146114387114850	1146114362376389
1146114372137927	1146114395508081	1146114373204696
1146114378121312	1146114403663158	1146114380145312
1146114386788773	1146114412034850	1146114389152773
1146114395975235	1146114420320773	1146114397335158
1146114403449081	1146114428615773	1146114404951850
1146114411172697	1146114436931466	1146114413040158
1146114420261697	1146114445282004	1146114421652466
1146114428768081	1146114453568466	1146114430864697
1146114435851158	1146114461888158	1146114438313081
1146114445430312	1146114470216466	1146114447249312
1146114453667158	1146114478525389	1146114455450543
1146114461571235	1146114486895235	1146114463919773
1146114468799158	1146114495149927	1146114471155158
1146114478098927	1146114503467466	1146114480122543
1146114485932081	1146114511787158	1146114488241927
1146114493535850	1146114520234543	1146114495535235
1146114500568081	1146114528418312	1146114502814850
1146114508750850	1146114536733927	1146114510933620
1146114517956158	1146114545056697	1146114520279466
1146114527064466	1146114553393004	1146114529218620
1146114535051158	1146114561684466	1146114537158543
1146114543373620	1146114570013081	1146114545534543
1146114553018850	1146114578337620	1146114554573004
1146114562141927	1146114586640389	1146114564120466
1146114568911466	1146114595060158	1146114570402004
1146114578829927	1146114603287543	1146114580510850
1146114596369389	1146114611594620	1146114601730004
1146114599046543	1146114619924697	1146114603263773
1146114602773927	1146114628245312	1146114604686927
1146114609213389	1146114636777927	1146114611138004
1146114618189927	1146114644885927	1146114620167466
1146114626473927	1146114653218543	1146114628478850
1146114635830004	1146114661546927	1146114637631850
1146114644379543	1146114669842620	1146114646059850
1146114652255466	1146114678137620	1146114654258543
1146114660443543	1146114686465004	1146114662257312
1146114668374927	1146114694777927	1146114670322004
1146114678005697	1146114703100158	1146114679683850
1146114685270543	1146114711457927	1146114687016158
1146114693362927	1146114719726927	1146114695164466
1146114701062927	1146114728211235	1146114703092697
1146114709442850	1146114736411543	1146114711385697
1146114717496389	1146114744696773	1146114719666235
1146114727678543	1146114753086004	1146114729655466
1146114736913081	1146114761335158	1146114738581081
1146114744528081	1146114769720158	1146114746572081
1146114752224697	1146114777964697	1146114754168158
1146114761418927	1146114786306850	1146114763249312
1146114768786850	1146114794620081	1146114770547466
1146114777481620	1146114802925312	1146114779370543
1146114785302235	1146114811228697	1146114787379158
1146114794859543	1146114819552697	1146114796402620
1146114802814927	1146114827915773	1146114804254235
1146114811776389	1146114836178620	1146114813115158
1146114818981620	1146114844625389	1146114820657389
1146114827099158	1146114852827850	1146114828272081
1146114834929620	1146114861158620	1146114836354620
1146114842772466	1146114869475158	1146114844448158
1146114851668158	1146114877778312	1146114853438927
1146114861500466	1146114886154927	1146114863189697
1146114869158927	1146114894413927	1146114870826620
1146114877210543	1146114902721927	1146114879088697
1146114885989312	1146114911073081	1146114887285312
1146114894282543	1146114919366850	1146114895713697
1146114901968773	1146114927706004	1146114903450543
1146114910112158	1146114935996158	1146114912440389
1146114919728158	1146114944313081	1146114921861312
1146114927438543	1146114952632697	1146114929535543
1146114935336466	1146114960957927	1146114937477312
1146114943731466	9223372036854775807	1146114945528697
