8333333
1146119759761005	1146119785047543	1146119761487851
1146119767665389	1146119793442928	1146119769948081
1146119775977620	1146119801669697	1146119777914620
1146119784350312	1146119809919774	1146119785568389
1146119793640774	1146119818245697	1146119795011851
1146119801654005	1146119826579851	1146119803329620
1146119809782851	1146119834878005	1146119810918005
1146119817586620	1146119843193005	1146119819624697
1146119825484466	1146119851514312	1146119827549697
1146119835638543	1146119859893312	1146119836998235
1146119843240081	1146119868155851	1146119844686005
1146119851016389	1146119876477697	1146119852873081
1146119859965928	1146119884792774	1146119861353928
1146119868782005	1146119893101928	1146119869999466
1146119876624466	1146119901420466	1146119877972389
1146119883976466	1146119909729928	1146119885709005
1146119894831466	1146119918063235	1146119895187543
1146119900670312	1146119926365620	1146119902190928
1146119909106851	1146119934678851	1146119910758005
1146119918170005	1146119943060158	1146119919362851
1146119925969697	1146119951391466	1146119927707466
1146119933152697	1146119959632389	1146119935111774
1146119942617005	1146119967996774	1146119944707466
1146119950821005	1146119976292081	1146119952945697
1146119959809389	1146119984809081	1146119961432158
1146119967257697	1146119992955235	1146119969245389
1146119976779851	1146120001210543	1146119978283851
1146119983830620	1146120009553620	1146119986109005
1146119992489928	1146120017849005	1146119994441005
1146119999722543	1146120026179158	1146120001679774
1146120010143466	1146120034513697	1146120010749389
1146120018472158	1146120042809081	1146120019064466
1146120025729081	1146120051117697	1146120026685697
1146120033590312	1146120059444774	1146120035568081
1146120042294235	1146120067749620	1146120043742851
1146120050946543	1146120076101620	1146120052762235
1146120059089389	1146120084452466	1146120061043466
1146120067788697	1146120092765312	1146120069067235
1146120075478312	1146120101048697	1146120076867774
1146120083717697	1146120109358543	1146120085319235
1146120092507235	1146120117660081	1146120094173081
1146120099908466	1146120125976774	1146120101437389
1146120110427543	1146120134295774	1146120110414928
1146120116309697	1146120142721928	1146120118237081
1146120125548081	1146120150946543	1146120127333620
1146120133348158	1146120159312158	1146120135454235
1146120141881697	1146120167583851	1146120143873697
1146120151636158	1146120175898851	1146120153312158
1146120159550928	1146120184230312	1146120160788389
0	1146120192543774	1146120182666005
1146120181857312	1146120200872697	1146120184499235
1146120185876774	1146120209191235	1146120187814235
1146120191681312	1146120217511235	1146120194355158
1146120199820774	1146120225823235	1146120201821697
1146120208751235	1146120234159851	1146120210752466
1146120217504081	1146120242466543	1146120218801389
1146120226045005	1146120250785697	1146120227169697
1146120234174620	1146120259121928	1146120235550620
1146120241619774	1146120267459466	1146120243737081
1146120250330543	1146120275742928	1146120252126235
1146120258253081	1146120284077005	1146120259945312
1146120266675543	1146120292390005	1146120268429697
1146120275412389	1146120300709005	1146120277336158
1146120284620774	1146120309031466	1146120286468158
1146120293229697	1146120317480158	1146120294500697
1146120300334543	1146120325694851	1146120302263543
1146120308613081	1146120334002312	1146120310715158
1146120317667466	1146120342337312	1146120319546312
1146120325653005	1146120350643466	1146120327164389
1146120333071466	1146120359003235	1146120334589928
1146120341833312	1146120367274851	1146120343326005
1146120350026851	1146120375599543	1146120351986620
1146120360457389	1146120383923774	1146120361639774
1146120366784697	1146120392239543	1146120368528697
1146120374307543	1146120400564081	1146120376286851
1146120382249620	1146120408862620	1146120384295774
1146120391759774	1146120417178005	1146120393493697
1146120399233005	1146120425596081	1146120401117389
1146120407132466	1146120433819235	1146120409222543
1146120414975543	1146120442138235	1146120417047235
1146120423185928	1146120450462928	1146120425342543
1146120433061081	1146120458769389	1146120434736466
1146120441550851	1146120467099774	1146120443500774
1146120449698312	1146120475407158	1146120451671851
1146120457722928	1146120483737697	1146120459489389
1146120465995466	1146120492068158	1146120467950620
1146120475089620	1146120500373005	1146120476633697
1146120483141312	1146120508705697	1146120484485081
1146120492077620	1146120516989081	1146120493732081
1146120499540158	1146120525306928	1146120501474005
1146120510383466	1146120533624466	1146120510542620
1146120516482312	1146120541929389	1146120518302928
1146120524125081	1146120550255466	1146120525676389
1146120532683851	1146120558566312	1146120534303774
1146120540365697	1146120566885312	1146120542064389
1146120548562235	1146120575200389	1146120550519235
1146120556767235	1146120583516081	1146120558816774
1146120566016158	1146120591846928	1146120567759466
1146120573725312	1146120600257928	1146120575525389
1146120581957312	1146120608547158	1146120583902851
1146120595807235	1146120616794005	1146120596460158
1146120600938312	1146120625105081	1146120603387851
1146120607534928	1146120633426005	1146120610027235
1146120616672774	1146120641754005	1146120618678005
1146120626038005	1146120650062235	1146120627373389
1146120632142005	1146120658411235	1146120633816697
1146120640774312	1146120666758620	1146120642477005
1146120650025697	1146120675018620	1146120651628774
1146120657705005	1146120683392774	1146120659367158
1146120666369389	1146120691642543	1146120667817389
1146120684255543	1146120699952697	1146120689600466
1146120686603543	1146120708269389	1146120691234851
1146120691928158	1146120716595851	1146120695063235
1146120698803851	1146120724912389	1146120701704158
1146120706481697	1146120733228389	1146120708375774
1146120715111235	1146120741544466	1146120716826543
1146120723973312	1146120749909620	1146120725642620
1146120733393081	1146120758183851	1146120734492774
1146120741019158	1146120766501389	1146120742871543
1146120749246543	1146120774812697	1146120751092389
1146120757575235	1146120783151466	1146120759498620
1146120767214543	1146120791446543	1146120767744697
1146120774145620	1146120799765005	1146120775604389
1146120782936081	1146120808148158	1146120784469928
1146120790584466	1146120816396697	1146120792273312
1146120799934312	1146120824715774	1146120800886543
1146120806769697	9223372036854775807	1146120808474543
