8333333
1146055158183462	1146055183211847	1146055160193924
1146055165676078	1146055191513308	1146055167585078
1146055174197616	1146055199916385	1146055176812155
1146055183847231	1146055208153924	1146055185561693
1146055190416770	1146055216474847	1146055192427539
1146055200110847	1146055224807231	1146055201410231
1146055208172693	1146055233137693	1146055209862924
1146055215744693	1146055241460078	1146055217991770
1146055233917078	1146055249761308	1146055235001693
1146055237931462	1146055258076385	1146055239619847
1146055240389385	1146055266469001	1146055241773616
1146055248654847	1146055274839770	1146055250725385
1146055256777078	1146055283169308	1146055258878231
1146055264755770	1146055291364462	1146055266784693
1146055274765078	1146055299677693	1146055275785693
1146055283230616	1146055308013078	1146055284634847
1146055290989078	1146055316356462	1146055292810308
1146055299861078	1146055324650001	1146055301447847
1146055307578616	1146055332969616	1146055308949616
1146055316264462	1146055341313924	1146055318015155
1146055325007847	1146055349624155	1146055326755155
1146055332457001	1146055357935539	1146055334419462
1146055340771462	1146055366245001	1146055342258308
1146055349617616	1146055374553924	1146055351208770
1146055357338924	1146055383024770	1146055359119231
1146055366862231	1146055391247231	1146055368319539
1146055376946847	1146055399506231	1146055379376385
1146055381947770	1146055407841924	1146055383211770
1146055390961693	1146055416139847	1146055392574847
1146055398812155	1146055424454924	1146055401713616
1146055407706924	1146055432775847	1146055409438001
1146055416094308	1146055441088770	1146055417512693
1146055423571770	1146055449413693	1146055425394308
1146055431856770	1146055457730308	1146055433510539
1146055440990539	1146055466042616	1146055442550001
1146055448814847	1146055474365616	1146055450212385
1146055457958924	1146055482689001	1146055459554539
1146055466611155	1146055491011539	1146055468107231
1146055474713693	1146055499314308	1146055476353078
1146055481943462	1146055507624462	1146055484077001
1146055489646231	1146055515969693	1146055492845308
1146055497909308	1146055524264693	1146055500000155
1146055506380385	1146055532581924	1146055508372078
1146055515438001	1146055540899462	1146055516909308
1146055523297385	1146055549232385	1146055525116462
1146055531221001	1146055557527462	1146055533229385
1146055540734308	1146055565895770	1146055542277001
1146055548636385	1146055574222924	1146055550319847
1146055556580385	1146055582534847	1146055558352385
1146055565249078	1146055590881308	1146055566615770
1146055576213001	1146055599135770	1146055576123770
1146055583456770	1146055607472385	1146055584669308
1146055590206001	1146055615756078	1146055591902924
1146055599537693	1146055624158539	1146055601289078
1146055606632385	1146055632382616	1146055608490231
1146055615567155	1146055640721616	1146055617107462
1146055623545001	1146055649124078	1146055625707231
1146055631969616	1146055657328693	1146055633712770
1146055641368770	1146055665651847	1146055642644078
1146055648663770	1146055673968693	1146055650189385
1146055657045308	1146055682282616	1146055658689385
1146055664646847	1146055690599231	1146055666399539
1146055673967770	1146055698941078	1146055675437924
1146055682192462	1146055707228462	1146055683735462
1146055689947462	1146055715564462	1146055691653616
1146055698615462	1146055723881924	1146055700781693
1146055706232385	1146055732185078	1146055708071231
1146055715179462	1146055740514539	1146055717420385
1146055725523539	1146055748865693	1146055726393385
1146055740317308	1146055757145924	1146055743742924
1146055742722231	1146055765691770	1146055745543770
1146055747781001	1146055773774924	1146055750108385
1146055757083770	1146055782121693	1146055759059155
1146055765370308	1146055790445924	1146055767137616
1146055774111462	1146055798726539	1146055775065616
1146055782211155	1146055807246231	1146055783134001
1146055790992155	1146055815352462	1146055791819847
1146055798023462	1146055823671770	1146055799787847
1146055807200385	1146055832011847	1146055808642308
1146055814695155	1146055840308385	1146055816674001
1146055822228770	1146055848616155	1146055824191847
1146055831252770	1146055856928385	1146055832452078
1146055839511539	1146055865339539	1146055841240693
1146055847400462	1146055873563231	1146055849217001
1146055855049693	1146055881991847	1146055857171155
1146055863070616	1146055890208078	1146055865258539
1146055871343462	1146055898516693	1146055873534924
1146055881242616	1146055906842924	1146055883216385
1146055889514231	1146055915172770	1146055890859847
1146055897781308	1146055923475462	1146055900217693
1146055906184693	1146055932044693	1146055907864462
1146055914585385	1146055940108462	1146055916396385
1146055923304078	1146055948441924	1146055925024770
1146055930672693	1146055956750539	1146055932618847
1146055940312770	1146055965059539	1146055941973924
1146055948236078	1146055973369924	1146055949765308
1146055957343155	1146055981698616	1146055958807770
1146055965371462	1146055990005616	1146055967083539
1146055970945385	1146055998322847	1146055973090539
1146055979506847	1146056006639539	1146055981374001
1146055987502847	1146056014966539	1146055989862308
1146055995804693	1146056023281924	1146055997748385
1146056004450924	1146056031607231	1146056006566924
1146056012130539	1146056039918539	1146056014311231
1146056024141924	1146056048228462	1146056025895231
1146056029834847	1146056056550539	1146056032103462
1146056038620078	1146056064862847	1146056040661385
1146056047099539	1146056073194924	1146056048999155
1146056055061001	1146056081515770	1146056056988078
1146056063136385	1146056089811462	1146056065142308
1146056071322308	1146056098137616	1146056073340693
1146056079491231	1146056106449924	1146056081408385
1146056088093001	1146056114777924	1146056089969693
1146056096296385	1146056123168385	1146056098321001
1146056105004693	1146056131417078	1146056107066539
1146056113803462	1146056139733924	1146056115131155
1146056122361001	1146056148075155	1146056123186847
1146056130240155	1146056156423231	1146056132213385
1146056138693001	1146056164675155	1146056140685308
1146056147552078	1146056172996385	1146056149455462
1146056155563539	1146056181376078	1146056157730924
1146056163870308	1146056189622231	1146056165459462
1146056172743539	1146056197942616	1146056174233385
1146056180651231	1146056206263155	1146056182369001
1146056188922308	1146056214581616	1146056190773924
1146056196703462	1146056222937001	1146056198501616
1146056206396078	9223372036854775807	1146056208157001
