8333333
1145815153110602	1145815177361063	1145815154366525
1145815161227140	1145815185697063	1145815162676679
1145815170145063	1145815194051756	1145815171436063
1145815177332448	1145815202404986	1145815178378525
1145815184667525	1145815210725294	1145815186364986
1145815192939833	1145815219115756	1145815194611833
1145815202472371	1145815227417294	1145815203988371
1145815210501371	1145815235774909	1145815212464986
1145815222542833	1145815244131833	1145815223877063
1145815227305679	1145815252457063	1145815228986909
1145815234244756	1145815260803756	1145815236279448
1145815243857909	1145815269132140	1145815245906525
1145815252437986	1145815277481602	1145815254014909
1145815261788063	1145815285825679	1145815263295833
1145815269426602	1145815294177294	1145815271123217
1145815276393602	1145815302507833	1145815278144679
1145815285706217	1145815310862602	1145815287327448
1145815293207140	1145815319196756	1145815295244140
1145815301809063	1145815327551525	1145815303484756
1145815310927448	1145815335890909	1145815312256063
1145815318385909	1145815344253909	1145815320116986
1145815326725063	1145815352608986	1145815328743833
1145815336303448	1145815361109294	1145815337843833
1145815344518909	1145815369269909	1145815346007756
1145815351988679	1145815377617602	1145815354103833
1145815360840756	1145815385955756	1145815362798909
1145815368965909	1145815394300679	1145815370750909
0	1145815411104371	1145815401129294
1145815394767525	1145815419333371	1145815404551217
1145815405690909	1145815427674909	1145815406765371
1145815410618525	1145815436013679	1145815413657679
1145815418084448	1145815444361986	1145815420268756
1145815427429602	1145815452784679	1145815429181909
1145815435241602	1145815461081909	1145815437213986
1145815445161909	1145815469399140	1145815446796448
1145815452270294	1145815477743756	1145815453648063
1145815461549602	1145815486085986	1145815463426294
1145815468756140	1145815494436756	1145815470673063
1145815476626833	1145815502798217	1145815478790909
1145815486566833	1145815511118909	1145815488291140
1145815496118602	1145815519465602	1145815496317679
1145815503371448	1145815527817294	1145815505131833
1145815509827448	1145815536266833	1145815511663756
1145815518964986	1145815544595525	1145815520805294
1145815530871833	1145815552814909	1145815531825063
1145815535592756	1145815561172756	1145815538399756
1145815545106602	1145815569502602	1145815546509602
1145815552386833	1145815577846525	1145815554085371
1145815560677986	1145815586183217	1145815562199448
1145815569963833	1145815594517679	1145815570834909
1145815577369371	1145815602881294	1145815579145294
1145815585726602	1145815611200756	1145815587575756
1145815594730602	1145815619543525	1145815596140063
1145815602888140	1145815627893371	1145815604313294
1145815610190525	1145815636259756	1145815611930833
1145815618657063	1145815644561063	1145815620547217
1145815627044756	1145815652899448	1145815628915140
1145815637582602	1145815661239448	1145815638863756
1145815643707833	1145815669576371	1145815645782294
1145815651801371	1145815677935833	1145815653684063
1145815660969602	1145815686265294	1145815662556679
1145815669543756	1145815694604679	1145815670898294
1145815678435756	1145815702940448	1145815679774525
1145815685568140	1145815711314602	1145815687138909
1145815694290294	1145815719635756	1145815696078909
1145815702149909	1145815727995756	1145815703661371
1145815712275448	1145815736299140	1145815713951833
1145815718615756	1145815745139448	1145815720469294
1145815728302833	1145815753001909	1145815729879756
1145815735783756	1145815761358525	1145815737430525
1145815743390602	1145815769663525	1145815745374833
1145815754596371	1145815778132986	1145815756207833
1145815760676371	1145815786377909	1145815762755833
1145815769197371	1145815794861679	1145815771674525
1145815777704986	1145815803022909	1145815779805294
1145815785989986	1145815811416756	1145815787914602
1145815794454525	1145815819751756	1145815797069602
1145815803454602	1145815828059525	1145815805114602
1145815811338294	1145815836378217	1145815813020140
1145815817876986	1145815844732140	1145815819750602
1145815825907217	1145815853062294	1145815827713909
1145815834702294	1145815861398525	1145815836882294
1145815842624063	1145815869772371	1145815844757679
1145815850723833	1145815878089909	1145815852978602
1145815858777679	1145815886559833	1145815861042833
1145815870348063	1145815894841063	1145815871673294
1145815888461602	1145815903120140	1145815893749909
1145815891902602	1145815911456986	1145815895285909
1145815896602909	1145815919806833	1145815898961909
1145815901687833	1145815928196371	1145815902763448
1145815910476756	1145815936578294	1145815912462602
1145815919455525	1145815944867833	1145815921520756
1145815927589602	1145815953145986	1145815929611448
1145815936196063	1145815961530217	1145815937355756
1145815945409294	1145815969819448	1145815946653294
1145815952258833	1145815978166602	1145815954143833
1145815960557602	1145815986499140	1145815962271448
1145815967676756	1145815994843525	1145815969999525
1145815976418602	1145816003184371	1145815978387756
1145815984763140	1145816011526602	1145815986943525
1145815991780756	1145816019860986	1145815994169063
1145816000712679	1145816028320140	1145816002934909
1145816008294909	1145816036550602	1145816010587217
1145816017780371	1145816044900679	1145816020068986
1145816026467448	1145816053239140	1145816028599140
1145816035854525	1145816061571833	1145816037725679
1145816043361371	1145816069965909	1145816045395140
1145816052562217	1145816078246602	1145816054504371
1145816060909679	1145816086598833	1145816062932679
1145816069026294	1145816094930602	1145816070831525
1145816078690909	1145816103262602	1145816080186525
1145816085252063	1145816111616063	1145816087480679
1145816094013602	1145816119945986	1145816096187833
1145816101963525	1145816128327448	1145816104188756
1145816109916371	1145816136681679	1145816112210217
1145816117897063	1145816145108371	1145816120269294
1145816128422602	1145816153301986	1145816130306602
1145816136364679	1145816161656063	1145816138561294
1145816144546602	1145816169991833	1145816146250833
1145816152413602	1145816178340448	1145816154819833
1145816161078909	1145816186685063	1145816163123217
1145816169931448	1145816195010602	1145816172182294
1145816179215756	1145816203345602	1145816180864063
1145816186058909	1145816211695525	1145816187308986
1145816195618833	1145816220206294	1145816197374602
1145816202388679	1145816228413294	1145816204422602
1145816210514909	9223372036854775807	1145816212416371
