8333333
1146125613325697	1146125640361313	1146125615434543
1146125622929313	1146125648701005	1146125624547774
1146125630737697	1146125657008466	1146125632769082
1146125638539159	1146125665324389	1146125640849620
1146125647710005	1146125673637005	1146125649374005
1146125657284159	1146125681952159	1146125658518928
1146125666137005	1146125690316774	1146125668447159
1146125672260466	1146125698586543	1146125674900466
1146125681153005	1146125706920082	1146125683130313
1146125689454928	1146125715220159	1146125691418005
1146125699108159	1146125723598236	1146125700855236
1146125706418005	1146125731870928	1146125708315851
1146125716911543	1146125740251543	1146125716511466
1146125721956774	1146125748492159	1146125723828774
1146125734561313	1146125756831466	1146125736114851
1146125739815851	1146125765275851	1146125742412082
1146125756850620	1146125773464466	1146125758718005
1146125759374543	1146125781759466	1146125761889389
1146125764831851	1146125790084774	1146125765934005
1146125772565082	1146125798401620	1146125774307159
1146125780403851	1146125806738543	1146125782219543
1146125790089928	1146125815116697	1146125791540774
1146125797809928	1146125823354005	1146125799640082
1146125805706005	1146125831680082	1146125807626620
1146125813860082	1146125840029620	1146125815983851
1146125822680697	1146125848402543	1146125824805389
1146125830730313	1146125856637697	1146125833187466
1146125838977082	1146125865030005	1146125840996697
1146125848167851	1146125873301313	1146125849809389
1146125855920082	1146125881916466	1146125858147774
1146125864548159	1146125890104389	1146125866410313
1146125873055159	1146125898217620	1146125875453313
1146125880278543	1146125906518928	1146125882473005
1146125888433313	1146125914843159	1146125890897928
1146125897221928	1146125923272159	1146125899578543
1146125905834543	1146125931492774	1146125908695466
1146125914400774	1146125940000774	1146125916639851
1146125921945697	1146125948266005	1146125924409005
1146125930374928	1146125956442236	1146125932705082
1146125938569313	1146125964741005	1146125941017313
1146125946648389	1146125973279236	1146125949048159
1146125956228159	1146125981382236	1146125958459466
1146125964346928	1146125989707774	1146125966789313
1146125972532159	1146125998022543	1146125975568082
1146125980456082	1146126006333082	1146125982709928
1146125988590005	1146126014659236	1146125991243159
1146125997946236	1146126022960082	1146126000194236
1146126005091236	1146126031299774	1146126007621082
1146126013511543	1146126039601620	1146126015891774
1146126021726543	1146126048105697	1146126024478620
1146126030409620	1146126056467466	1146126033224390
1146126038662236	1146126064548390	1146126041085620
1146126046894236	1146126073121313	1146126049101620
1146126054957697	1146126081457390	1146126057437620
1146126064642543	1146126089512697	1146126066989620
1146126071975851	1146126097812466	1146126074333082
1146126079998313	1146126106297313	1146126082531543
1146126088681082	1146126114598236	1146126090876466
1146126096584159	1146126122755774	1146126099074851
1146126103460774	1146126131183236	1146126105961082
1146126111648082	1146126139493005	1146126114130005
1146126119803236	1146126147754543	1146126122183236
1146126128304082	1146126156052159	1146126130673082
1146126138139774	1146126164866928	1146126140765620
1146126147075774	1146126172676082	1146126149151236
1146126155642928	1146126180974928	1146126158019851
1146126163527466	1146126189285697	1146126165950236
1146126173325313	1146126197676390	1146126175285697
1146126180864082	1146126205924082	1146126183032082
1146126188204082	1146126214256390	1146126190130851
1146126197733928	1146126222601620	1146126199646851
1146126205639851	1146126230875466	1146126207924774
1146126214214620	1146126239202620	1146126216182543
1146126222261620	1146126247651543	1146126224837620
1146126230611236	1146126255825697	1146126232997082
1146126238273005	1146126264526005	1146126240611236
1146126246525390	1146126272455236	1146126248931159
1146126265677620	1146126280787159	1146126268606236
1146126268221005	1146126289145005	1146126270228774
1146126270522620	1146126297399851	1146126271925005
1146126278400774	1146126305718928	1146126280699159
1146126286247466	1146126314037005	1146126288514851
1146126294867466	1146126322342313	1146126296961313
1146126303111236	1146126330698851	1146126305336697
1146126311141313	1146126339163543	1146126313311466
1146126319242313	1146126347312466	1146126321676082
1146126329189390	1146126355651236	1146126331309928
1146126338646543	1146126363983466	1146126340699236
1146126346762620	1146126372320390	1146126348896774
1146126354292390	1146126380810236	1146126356559851
1146126362533313	1146126388890543	1146126364516159
1146126371765082	1146126397277005	1146126374046005
1146126380249005	1146126405561697	1146126382239774
1146126388082620	1146126413838005	1146126390057928
1146126396291159	1146126422246005	1146126398657390
1146126403583774	1146126430455159	1146126406009928
1146126410896697	1146126438783851	1146126413256697
1146126419610851	1146126447100159	1146126421938851
1146126427484082	1146126455414005	1146126429827466
1146126435267466	1146126463768774	1146126437582851
1146126443680697	1146126472120466	1146126445989313
1146126451887851	1146126480458236	1146126454240082
1146126462461390	1146126488816082	1146126464714236
1146126471205620	1146126497048082	1146126473585313
1146126479069928	1146126505380697	1146126481681928
1146126488292466	1146126513668774	1146126490611159
1146126496856466	1146126522075851	1146126499151543
1146126505108697	1146126530369620	1146126507435543
1146126512948466	1146126538604697	1146126515312774
1146126521241697	1146126546927851	1146126523917697
1146126530279236	1146126555240774	1146126532729082
1146126537611774	1146126563724390	1146126540126620
1146126545708774	1146126572017697	1146126548342851
1146126552784697	1146126580535466	1146126555490543
1146126560603159	1146126588529620	1146126562998928
1146126570637928	1146126596950543	1146126572874236
1146126579550313	1146126605245082	1146126582183851
1146126587645697	1146126613626313	1146126590085928
1146126596753620	1146126621847159	1146126598992159
1146126604320390	1146126630256697	1146126606665082
1146126612078313	1146126638404774	1146126614514543
1146126620595543	1146126646738236	1146126622945390
1146126629574313	1146126655057928	1146126632895159
1146126638274620	1146126663362851	1146126640302928
1146126646320390	1146126671669928	1146126648697620
1146126654594313	1146126680022620	1146126657078543
1146126662664082	9223372036854775807	1146126664858005
