8333333
1146107965572158	1146107990606542	1146107966981696
1146107973354235	1146107998884388	1146107974987465
1146107981203850	1146108007254312	1146107983273004
0	1146108015537081	1146108006623850
1146108003913619	1146108023848388	1146108008352388
1146108009091235	1146108032169312	1146108010190619
1146108014265081	1146108040478004	1146108015997696
1146108023252081	1146108048799773	1146108025160773
1146108033147158	1146108057183850	1146108035419850
1146108039713004	1146108065478927	1146108041841388
1146108049233927	1146108073744081	1146108050694927
1146108056268081	1146108082074235	1146108058694235
1146108065685004	1146108090385619	1146108067073081
1146108074009927	1146108098708158	1146108075473081
1146108081569696	1146108107024773	1146108083245004
1146108089840388	1146108115361312	1146108091345004
1146108097989312	1146108123658927	1146108099722927
1146108106954312	1146108132022235	1146108108382619
1146108114398312	1146108140292696	1146108116274850
1146108122777004	1146108148634004	1146108124410235
1146108131524773	1146108156924081	1146108132901927
1146108139416465	1146108165243235	1146108141296081
1146108148573388	1146108173597312	1146108150254312
1146108155982542	1146108181949619	1146108157910312
1146108165333619	1146108190202619	1146108167091542
1146108172452773	1146108198521081	1146108174549081
1146108181367235	1146108206830927	1146108183463850
1146108190203773	1146108215145004	1146108191546542
1146108198434850	1146108223478619	1146108200116465
1146108206421004	1146108231789004	1146108208226004
1146108213833081	1146108240105081	1146108215829004
1146108222975235	1146108248455158	1146108224661081
1146108231472465	1146108256745619	1146108232749388
1146108239757312	1146108265070312	1146108241458619
1146108250281004	1146108273377927	1146108251545388
1146108255816696	1146108281706850	1146108257688773
1146108265006927	1146108290017081	1146108266496773
1146108273315465	1146108298342619	1146108274454619
1146108281691542	1146108306654927	1146108283035235
1146108289709081	1146108314984388	1146108291537927
1146108298199773	1146108323293004	1146108299548773
1146108306060773	1146108331602850	1146108307733081
1146108314999235	1146108339935158	1146108316844388
1146108322597619	1146108348244773	1146108324022235
1146108331284158	1146108356566619	1146108333190927
1146108340315158	1146108364884773	1146108341733696
1146108347500081	1146108373205312	1146108349469312
1146108356560158	1146108381598927	1146108358452773
1146108368795542	1146108389884388	1146108368118235
1146108372785388	1146108398197388	1146108374594619
1146108382252388	1146108406691773	1146108383243158
1146108389989081	1146108414787465	1146108390914235
1146108396961312	1146108423104388	1146108399058542
1146108405976465	1146108431423465	1146108408216388
1146108414958312	1146108439735542	1146108416868773
1146108424585004	1146108448054004	1146108425462542
1146108433827773	1146108456390619	1146108435350927
1146108438990850	1146108464713696	1146108440610927
1146108447264388	1146108473021619	1146108448713388
1146108455362619	1146108481325696	1146108456588081
1146108464925619	1146108489635158	1146108466973004
1146108473411773	1146108497964773	1146108475498004
1146108479108465	1146108506274004	1146108480913696
1146108487449388	1146108514586850	1146108489200388
1146108506849312	1146108522934927	1146108510725312
1146108509372696	1146108531234312	1146108512454312
1146108512835773	1146108539551542	1146108514194235
1146108520570004	1146108547929004	1146108522552465
1146108529006312	1146108556183465	1146108531446542
1146108537384465	1146108564508773	1146108539491850
1146108545848696	1146108572810312	1146108547936465
1146108554649388	1146108581138850	1146108556735773
1146108563021312	1146108589656081	1146108565155158
1146108571208696	1146108597772465	1146108573234542
1146108582508158	1146108606090542	1146108584292773
1146108588953081	1146108614495158	1146108590757388
1146108596621619	1146108622759542	1146108598370927
1146108605875235	1146108631147773	1146108606976773
1146108614097081	1146108639367235	1146108615869619
1146108622678619	1146108647669312	1146108624459773
1146108630772773	1146108655995158	1146108632156465
1146108639085312	1146108664311773	1146108640826850
1146108647062850	1146108672741081	1146108648752696
1146108655797927	1146108680968388	1146108657485081
1146108664545696	1146108689336158	1146108665757619
1146108672678312	1146108697574850	1146108674443235
1146108680292081	1146108705895158	1146108681913927
1146108689230235	1146108714216388	1146108690509927
1146108695960158	1146108722551850	1146108698003773
1146108704854235	1146108730852158	1146108706622235
1146108713010619	1146108739168388	1146108714944081
1146108721062542	1146108747486235	1146108722995158
1146108729779465	1146108755862312	1146108731776696
1146108737615542	1146108764125388	1146108739546312
1146108745967542	1146108772494312	1146108748155850
1146108756849619	1146108780766235	1146108757841388
1146108763874850	1146108789094619	1146108765501312
1146108773791773	1146108797459465	1146108774660773
1146108779520388	1146108805720696	1146108781514619
1146108787995542	1146108814026542	1146108789658312
1146108797131465	1146108822346927	1146108798536465
1146108805160773	1146108830661388	1146108806667235
1146108812744465	1146108838985619	1146108814541004
1146108821827773	1146108847309004	1146108823627773
1146108829688773	1146108855627773	1146108831649081
1146108839208388	1146108863932388	1146108840901081
1146108845934004	1146108872265081	1146108847713004
1146108854961312	1146108880568388	1146108856922235
1146108862451235	1146108888884696	1146108864375850
1146108871358542	1146108897254619	1146108873134004
1146108879044158	1146108905543158	1146108880742542
1146108888214927	1146108913897696	1146108889791542
1146108896946542	1146108922175773	1146108898896696
1146108905542542	1146108930528696	1146108907443235
1146108914480081	1146108938800465	1146108915782004
1146108921991235	1146108947122235	1146108923470927
1146108930021388	1146108955462004	1146108932073004
1146108937777312	1146108963754927	1146108939611773
1146108945779542	1146108972097927	1146108947680465
1146108954153696	1146108980417388	1146108956366619
1146108962644696	1146108988709004	1146108964502004
1146108971165696	1146108997050235	1146108973035158
1146108979470235	1146109005345696	1146108981538542
1146108989065696	1146109013666004	1146108990572158
1146108997076388	1146109022005004	1146108998607773
1146109012468081	1146109030300465	1146109014438850
1146109013605696	9223372036854775807	1146109016149927
