8333333
1145973050571457	1145973071707765	1145973053239534
1145973053835227	1145973080049919	1145973055145688
1145973062108996	1145973088365303	1145973064485380
1145973071085688	1145973096704457	1145973073497688
1145973079558611	1145973105133688	1145973081779842
1145973087426842	1145973113272996	1145973089754919
1145973094144457	1145973121609919	1145973096568765
1145973103626227	1145973129920457	1145973106125303
1145973112194534	1145973138208073	1145973114401380
1145973119501380	1145973146642534	1145973121748765
1145973128820457	1145973155138842	1145973130825996
1145973138287534	1145973163171842	1145973140328380
1145973145557303	1145973171674227	1145973147573996
1145973154523842	1145973179944073	1145973156559227
1145973163089919	1145973188218227	1145973165305996
1145973170875765	1145973196483765	1145973173037996
1145973179265303	1145973204766227	1145973181694842
1145973187109919	1145973213230227	1145973189332380
1145973195543457	1145973221377380	1145973197699842
1145973203921611	1145973229700073	1145973206168996
1145973212680765	1145973238128688	1145973214693688
1145973221080150	1145973246410919	1145973223468457
1145973228700380	1145973254776380	1145973230815457
1145973236697919	1145973262961688	1145973239127534
1145973245080457	1145973271291227	1145973247196380
1145973254053380	1145973279735150	1145973256257688
1145973262739842	1145973288179227	1145973264892150
1145973270321303	1145973296294611	1145973272736688
1145973278988150	1145973304539150	1145973281373688
1145973287180457	1145973312868765	1145973289341688
1145973295654534	1145973321297380	1145973297574227
1145973303691150	1145973329499457	1145973305751765
1145973311807842	1145973337881303	1145973314181919
1145973319998227	1145973346141688	1145973322206611
1145973328799534	1145973354450919	1145973330580150
1145973336877073	1145973362814227	1145973339527150
1145973344871842	1145973371174227	1145973346790303
1145973352736765	1145973379387765	1145973354852073
1145973361449688	1145973387708457	1145973363536150
1145973369971457	1145973396038919	1145973372169919
1145973378554842	1145973404365919	1145973380398611
1145973386707150	1145973412671457	1145973388782303
1145973394767457	1145973421063150	1145973396980457
1145973403076765	1145973429296150	1145973405099842
1145973411000688	1145973437658842	1145973413102303
1145973419717380	1145973445956150	1145973422201611
1145973428619842	1145973454248150	1145973431139227
1145973436171765	1145973462601688	1145973438344150
1145973443014919	1145973470936996	1145973445725996
1145973451638227	1145973479221380	1145973454176457
1145973460838842	1145973487535227	1145973463395765
1145973469485996	1145973495888996	1145973471927150
1145973478506611	1145973504144765	1145973480941303
1145973486737688	1145973512457303	1145973489087842
1145973495561380	1145973520782534	1145973497842611
1145973503440688	1145973529334303	1145973505644688
1145973512201611	1145973537421073	1145973514314919
1145973519756996	1145973545773380	1145973522279227
1145973527759842	1145973554055227	1145973530290303
1145973536440765	1145973562357380	1145973538658303
1145973555966534	1145973570708150	1145973560945996
1145973558219150	1145973578999765	1145973564364073
1145973562931150	1145973587350534	1145973565792073
1145973569219457	1145973595653919	1145973570700150
1145973577714227	1145973603944765	1145973580229919
1145973585955457	1145973612419457	1145973588274227
1145973594668073	1145973620586842	1145973596992688
1145973602877073	1145973628900688	1145973605500765
1145973610774919	1145973637300996	1145973613225073
1145973619468073	1145973645546227	1145973622089073
1145973627703534	1145973653941380	1145973630288150
1145973635940380	1145973662166534	1145973638539227
1145973644894303	1145973670474534	1145973647582303
1145973653036150	1145973678808996	1145973654768996
1145973661252688	1145973687102842	1145973663480765
1145973669513380	1145973695450919	1145973671615765
1145973678381303	1145973703754303	1145973680288457
1145973686152150	1145973712225688	1145973688276073
1145973694968765	1145973720391842	1145973697376073
1145973701814919	1145973728666534	1145973704137380
1145973709279765	1145973737020765	1145973712528996
1145973717640765	1145973745308688	1145973719913380
1145973726509611	1145973753639765	1145973728637073
1145973734360380	1145973761956457	1145973736508457
1145973742606919	1145973770287765	1145973744773304
1145973751479765	1145973778581073	1145973753494304
1145973760453380	1145973786901073	1145973762414304
1145973770569073	1145973795247842	1145973772534304
1145973778250611	1145973803552996	1145973780101996
1145973785762611	1145973811882919	1145973787676073
1145973794089073	1145973820199150	1145973796218611
1145973803078919	1145973828488073	1145973805787534
1145973810966227	1145973836801688	1145973813003765
1145973819735227	1145973845115842	1145973821680457
1145973827774534	1145973853427534	1145973830028380
1145973835586534	1145973861740150	1145973837483457
1145973844489688	1145973870146227	1145973846573688
1145973850611534	1145973878375534	1145973852985304
1145973858551150	1145973886827227	1145973861008073
1145973867578227	1145973895009073	1145973869767457
1145973875841304	1145973903362842	1145973877981304
1145973884369304	1145973911655842	1145973886492150
1145973892771765	1145973919966227	1145973894923842
1145973903574227	1145973928391227	1145973904788765
1145973911104150	1145973936623842	1145973913788380
1145973920626304	1145973945014534	1145973922251457
1145973927545380	1145973953267765	1145973929270611
1145973935757380	1145973961571534	1145973937666842
1145973944170611	1145973969898611	1145973945965611
1145973953920457	1145973978181380	1145973955321919
1145973962336457	1145973986496688	1145973964262304
1145973969904457	1145973994813919	1145973971889688
1145973978884765	1145974003118919	1145973980413688
1145973985894919	1145974011433380	1145973987667150
1145973993921919	1145974019757611	1145973995812996
1145974001080688	1145974028110919	1145974003440073
1145974009777380	1145974036392150	1145974011746842
1145974018598842	1145974044816688	1145974020410227
1145974026828996	1145974053022304	1145974028828688
1145974035619842	1145974061358227	1145974038082534
1145974043425996	1145974069661611	1145974045623765
1145974062791457	1145974077965073	1145974068579227
1145974066784996	1145974086301996	1145974071823457
1145974071169611	1145974094611842	1145974073155842
1145974076742842	1145974102917688	1145974078472073
1145974085900765	1145974111236457	1145974088311150
1145974094785611	9223372036854775807	1145974096513996
