8333333
1146049344111462	1146049369310616	1146049345685923
1146049352282923	1146049377626000	1146049353742231
1146049361583154	1146049385940385	1146049362834846
1146049369098923	1146049394264462	1146049371113385
1146049377673693	1146049402571231	1146049379013693
1146049386210000	1146049411164385	1146049387451846
1146049394086846	1146049419253000	1146049395466846
1146049401193616	1146049427529000	1146049402955539
1146049409683462	1146049435911539	1146049411490616
1146049418820385	1146049444158308	1146049420838923
1146049427176077	1146049452477923	1146049428885385
1146049436142846	1146049460801616	1146049437838231
1146049444204693	1146049469107770	1146049446364154
1146049451336770	1146049477445077	1146049453263462
1146049460400077	1146049485736077	1146049462222308
1146049468539154	1146049494117923	1146049470728770
1146049477347154	1146049502397385	1146049479501077
1146049486535770	1146049510712462	1146049488297693
1146049493133077	1146049519035770	1146049495174846
1146049500923231	1146049527342000	1146049503038616
1146049510240077	1146049535727770	1146049512140077
1146049518763154	1146049543985385	1146049520272154
1146049526796693	1146049552292154	1146049528661616
1146049534501385	1146049560591770	1146049536700385
1146049544469000	1146049569144770	1146049546332770
1146049551119539	1146049577222000	1146049553395231
1146049559325923	1146049585567462	1146049561809616
1146049568865693	1146049593868385	1146049571326000
1146049575857308	1146049602285923	1146049577796693
1146049585640462	1146049610511539	1146049587443231
1146049593283231	1146049618819770	1146049595330308
1146049601288770	1146049627175846	1146049603284077
1146049609292385	1146049635455770	1146049611353000
1146049618757308	1146049643761616	1146049620367462
1146049626404154	1146049652128693	1146049628339846
1146049636278000	1146049660397385	1146049637936770
0	1146049668877616	1146049657679846
1146049658551539	1146049677076077	1146049661053308
1146049661557923	1146049685469077	1146049662762000
1146049666384462	1146049693667846	1146049668878000
1146049676509385	1146049701986923	1146049678640770
1146049684581693	1146049710315846	1146049686471539
1146049693344770	1146049718617000	1146049694612154
1146049701162000	1146049726932770	1146049702651154
1146049710728077	1146049735269308	1146049712388154
1146049717932154	1146049743599462	1146049719373923
1146049726656385	1146049751934923	1146049728143770
1146049735636462	1146049760244154	1146049737105923
1146049744201000	1146049768668693	1146049745704462
1146049753231462	1146049776828693	1146049754531770
1146049761537616	1146049785198923	1146049762394231
1146049768767462	1146049793513077	1146049770173308
1146049775489923	1146049801783539	1146049777359846
1146049784917923	1146049810110308	1146049786397385
1146049794081385	1146049818409308	1146049795378846
1146049801017923	1146049826728077	1146049802530308
1146049809820154	1146049835048077	1146049811673308
1146049818805000	1146049843368770	1146049820777923
1146049826131770	1146049851684693	1146049827747770
1146049836382923	1146049859998923	1146049836616154
1146049843142923	1146049868318847	1146049844469000
1146049851102616	1146049876643847	1146049852947770
1146049859747770	1146049884950923	1146049861474539
1146049868485077	1146049893287539	1146049869755231
1146049876616693	1146049901762847	1146049878313616
1146049884676693	1146049909902616	1146049886629385
1146049892790616	1146049918270923	1146049894846847
1146049900973616	1146049926531154	1146049903245077
1146049910670923	1146049935033000	1146049912356770
1146049917807154	1146049943165000	1146049919593385
1146049926187231	1146049951502539	1146049928377923
1146049934078923	1146049959844077	1146049935936077
1146049943897616	1146049968113923	1146049945969000
1146049951651770	1146049976435539	1146049953299539
1146049958115847	1146049984816770	1146049960271770
1146049967460385	1146049993060693	1146049969351231
1146049975003539	1146050001382847	1146049976791231
1146049982502616	1146050009714539	1146049984570539
1146049990805923	1146050018089616	1146049993039847
1146050000172385	1146050026347462	1146050001986000
1146050007703462	1146050034700154	1146050009912385
1146050015774308	1146050042987539	1146050018078539
1146050025309077	1146050051281077	1146050027660462
1146050034202847	1146050059621077	1146050036580462
1146050042027770	1146050068032770	1146050044511462
1146050051038847	1146050076229077	1146050052966539
1146050059966539	1146050084607154	1146050061956077
1146050067975462	1146050092921077	1146050069777308
1146050075315847	1146050101306923	1146050077743770
1146050083599154	1146050109498923	1146050085530847
1146050091352077	1146050117821308	1146050093659539
1146050100162923	1146050126129308	1146050102422539
1146050108677616	1146050134466616	1146050110710616
1146050117425000	1146050142760770	1146050119284385
1146050125835154	1146050151085923	1146050127730539
1146050133705385	1146050159398923	1146050135823847
1146050140841616	1146050167723154	1146050142993077
0	1146050176071539	1146050164443154
1146050160594308	1146050184352077	1146050166136077
1146050166194847	1146050192732154	1146050167920770
1146050175342000	1146050201015462	1146050176969385
1146050183533000	1146050209309077	1146050185548462
1146050191912770	1146050217625616	1146050193816077
1146050199429616	1146050225987154	1146050201396385
1146050210234000	1146050234268770	1146050211859231
1146050217162231	1146050242676385	1146050218604077
1146050224811539	1146050250889077	1146050226625385
1146050234006539	1146050259210539	1146050235510847
1146050242369077	1146050267583154	1146050244141000
1146050250485616	1146050275850231	1146050252361308
1146050258329923	1146050284158616	1146050259981077
1146050265566616	1146050292526923	1146050267362308
1146050274157693	1146050300792154	1146050276090000
1146050283144693	1146050309102616	1146050284851231
1146050294817077	1146050317429693	1146050295225923
1146050300530231	1146050325742539	1146050301377077
1146050307947462	1146050334058539	1146050309697616
1146050318108154	1146050342437616	1146050318645308
1146050325117000	1146050350698923	1146050327147770
1146050332426308	1146050359231231	1146050334190923
1146050341272154	1146050367426231	1146050342904385
1146050349742308	1146050375732077	1146050351220693
1146050358267231	1146050383967539	1146050360374000
1146050366939462	1146050392276770	1146050369027539
1146050374993923	1146050400731539	1146050377132693
1146050382948462	1146050408991539	1146050384975770
1146050391557077	9223372036854775807	1146050393380770
