8333333
1145780016276753	1145780041429061	1145780017606523
1145780024353984	1145780049705061	1145780025899523
1145780033529907	1145780058076446	1145780034951830
1145780040727753	1145780066383753	1145780042105907
1145780048494600	1145780074722292	1145780050325292
1145780058216677	1145780083068753	1145780059534830
1145780065573677	1145780091397984	1145780067670907
1145780075251446	1145780099747830	1145780076979523
1145780082462215	1145780108145677	1145780084057677
1145780092217600	1145780116427753	1145780093724061
1145780099880753	1145780124813369	1145780102098292
1145780108145984	1145780133107830	1145780110016446
1145780117726215	1145780141485061	1145780118729600
1145780124532369	1145780149814523	1145780126290215
1145780132913369	1145780158123523	1145780134363138
1145780142078600	1145780166501677	1145780142713369
1145780148750523	1145780174796677	1145780150737369
1145780158570292	1145780183128754	1145780159836138
1145780167557984	1145780191564984	1145780168853600
1145780174279523	1145780199934215	1145780175742292
1145780182189600	1145780208220677	1145780183904984
1145780189513369	1145780216489600	1145780191221600
1145780198084369	1145780224837677	1145780200139754
1145780207468446	1145780233171523	1145780209627754
1145780217784984	1145780241525907	1145780218696138
1145780223609369	1145780249993061	1145780225603830
1145780234273061	1145780258395138	1145780234635754
1145780241176754	1145780266587523	1145780243069907
1145780249357061	1145780274881677	1145780251443446
1145780257749061	1145780283220446	1145780259682907
1145780268978215	1145780291630600	1145780269401984
1145780276311446	1145780299887138	1145780276892138
1145780282608984	1145780308224446	1145780284510907
1145780291901369	1145780316565600	1145780293720446
1145780299159830	1145780324915446	1145780300785907
1145780307317984	1145780333259523	1145780309116369
1145780315158523	1145780341607215	1145780316942523
1145780324485369	1145780349924138	1145780326107523
1145780333029984	1145780358273984	1145780334289907
1145780340785677	1145780366603138	1145780342419523
1145780358629061	1145780374981677	1145780365433907
1145780360864138	1145780383292446	1145780367114292
1145780367758830	1145780391625907	1145780370591754
1145780373799830	1145780399962600	1145780374915754
1145780383326907	1145780408319215	1145780384860061
1145780390381907	1145780416649369	1145780392132754
1145780399838830	1145780425080138	1145780400901984
1145780407549369	1145780433397369	1145780409174292
1145780416517984	1145780441666523	1145780417991830
1145780424633369	1145780450008677	1145780426335754
1145780432816369	1145780458428138	1145780434136754
1145780441914830	1145780466707830	1145780443117907
1145780449658907	1145780475022215	1145780451262830
1145780458222523	1145780483349907	1145780459985292
1145780466037677	1145780491697061	1145780467961292
1145780474753907	1145780500134830	1145780476276677
1145780482644446	1145780508548138	1145780484467446
1145780491249600	1145780516726292	1145780492810292
1145780499168061	1145780525089061	1145780500947523
1145780508138600	1145780533425292	1145780509998215
1145780516779754	1145780541739215	1145780518275138
1145780525561061	1145780550120984	1145780526851446
1145780533224446	1145780558425984	1145780534915446
1145780541700446	1145780566758907	1145780543214523
1145780550317061	1145780575119138	1145780552479446
1145780558095523	1145780583435754	1145780559590523
1145780566529292	1145780591803446	1145780568598600
1145780575417907	1145780600128677	1145780576595446
1145780583437369	1145780608476138	1145780584825369
1145780591154907	1145780616790600	1145780593046215
1145780600241984	1145780625139215	1145780601804446
1145780608320369	1145780633484138	1145780609773369
1145780616306215	1145780641808984	1145780617724138
1145780624831754	1145780650191754	1145780626793907
1145780633209600	1145780658479523	1145780635468984
1145780640919446	1145780666825907	1145780642976061
1145780650719446	1145780675166830	1145780652347523
1145780656054907	1145780683496677	1145780658371215
1145780665420677	1145780691834600	1145780667113984
1145780674241984	1145780700184446	1145780675570215
1145780681716677	1145780708545600	1145780683732138
1145780690237677	1145780716897907	1145780692441061
1145780698591830	1145780725208754	1145780700625984
1145780707269907	1145780733546215	1145780709427830
1145780716987446	1145780741951754	1145780718441369
1145780725352138	1145780750217677	1145780726392754
1145780733701600	1145780758569061	1145780735388984
1145780741644061	1145780766923830	1145780743166292
1145780750115754	1145780775239523	1145780752031754
1145780757680984	1145780783586907	1145780759899523
1145780766711138	1145780791913369	1145780768328677
1145780774843215	1145780800338600	1145780776208677
1145780784912677	1145780808624061	1145780785822600
1145780791013907	1145780816939138	1145780792831830
1145780798229292	1145780825269984	1145780800342215
1145780808560984	1145780833609369	1145780810013369
1145780815790523	1145780841956061	1145780817581292
1145780823852984	1145780850288984	1145780825707523
1145780831738907	1145780858640754	1145780833857061
1145780839558907	1145780867043523	1145780841888138
1145780856765907	1145780875326600	1145780859267215
1145780859140446	1145780883689677	1145780860992138
1145780866190215	1145780892007138	1145780867992754
1145780874300677	1145780900346215	1145780876431754
1145780883895446	1145780908691830	1145780884619446
1145780892605984	1145780917043215	1145780893318292
1145780901007754	1145780925376369	1145780902488754
1145780908643754	1145780933732446	1145780910026292
1145780915659830	1145780942061677	1145780917659523
1145780926350830	1145780950419830	1145780927790523
1145780933557984	1145780958798292	1145780935377369
1145780941989907	1145780967092369	1145780943813907
1145780948611215	1145780975452446	1145780950720061
1145780957025369	1145780983793369	1145780958812984
1145780965528369	1145780992348677	1145780967813061
1145780974634600	1145781000502292	1145780976855138
1145780982380984	1145781008827523	1145780984381292
1145780991575754	1145781017162830	1145780993691215
1145781001073907	1145781025608446	1145781002999830
1145781008164984	1145781033877292	1145781010212754
1145781018392984	1145781042201292	1145781019561907
1145781025786215	1145781050655215	1145781027074292
1145781032982600	1145781058876754	1145781035014907
1145781041711215	1145781067220677	1145781043644984
1145781050130215	1145781075571446	1145781052272754
1145781058915523	1145781083912754	1145781060718523
1145781066008061	9223372036854775807	1145781067971215
