8333333
1145774144582522	1145774170429676	1145774146588061
1145774153711138	1145774178926830	1145774155189907
1145774161989676	1145774187108445	1145774163475522
1145774171396445	1145774195445676	1145774172514522
1145774178321599	1145774203846522	1145774179857984
1145774185380445	1145774212133907	1145774187260753
1145774193559138	1145774220471138	1145774195240138
1145774203071522	1145774228810522	1145774204939215
1145774211457292	1145774237198830	1145774213406830
1145774220282907	1145774245504369	1145774222330599
1145774228844369	1145774253866599	1145774230438599
1145774237543445	1145774262175215	1145774238799830
1145774244792369	1145774270510215	1145774246475138
1145774253518522	1145774278856369	1145774255247445
1145774261150292	1145774287229907	1145774263266215
1145774269935830	1145774295554292	1145774271552676
1145774278884138	1145774303869599	1145774280235753
1145774286907830	1145774312207445	1145774288958215
1145774295466830	1145774320544138	1145774297262215
1145774304100984	1145774328952061	1145774305837676
1145774311952676	1145774337219522	1145774313462599
1145774319330830	1145774345589599	1145774321109676
1145774328098907	1145774353921369	1145774329955215
1145774337856369	1145774362316676	1145774339106215
1145774356181676	1145774370611138	1145774357204753
1145774358609292	1145774378916369	1145774360561061
1145774361289984	1145774387290907	1145774362382907
1145774370092061	1145774395606215	1145774371896061
1145774378664984	1145774403940753	1145774380345061
1145774386719445	1145774412281676	1145774388718215
1145774394844984	1145774420620676	1145774396895830
1145774402743445	1145774428966830	1145774404750907
1145774412171215	1145774437394907	1145774414035522
1145774422188138	1145774445689599	1145774424305907
1145774427646292	1145774453995445	1145774429700138
1145774436328753	1145774462320676	1145774438406830
1145774445489984	1145774470660138	1145774447764676
1145774454924984	1145774479000753	1145774456419215
1145774460790522	1145774487343445	1145774462938907
1145774471169369	1145774495673369	1145774472846522
1145774478822830	1145774504016138	1145774481235215
1145774486673984	1145774512384138	1145774488921907
1145774494236369	1145774520708061	1145774496382907
1145774504230292	1145774529036445	1145774506296676
1145774511353369	1145774537386830	1145774513290830
1145774520169061	1145774545805369	1145774522164753
1145774528729599	1145774554066292	1145774530729907
1145774537778522	1145774562430292	1145774539593369
1145774545325599	1145774570749369	1145774547336753
1145774553300984	1145774579190907	1145774555686292
1145774562007445	1145774587435138	1145774564242522
1145774570984061	1145774595777292	1145774572743445
1145774578197061	1145774604125599	1145774580160445
1145774587079445	1145774612519215	1145774589205292
1145774595165292	1145774620772984	1145774597124984
1145774603500138	1145774629118599	1145774605587445
1145774612854907	1145774637458292	1145774614541061
1145774619661984	1145774645807522	1145774621836676
1145774628930522	1145774654158830	1145774631102830
1145774636105369	1145774662509907	1145774638070599
1145774644836369	1145774670816445	1145774646425676
1145774653864138	1145774679159753	1145774655312984
1145774663120061	1145774687501599	1145774664814215
1145774670373676	1145774695842907	1145774672390292
1145774678213599	1145774704188138	1145774680156676
1145774687649907	1145774712511753	1145774689299138
1145774695730907	1145774720849984	1145774697390522
1145774704198599	1145774729336369	1145774705637061
1145774712353292	1145774737526215	1145774714533061
1145774719491522	1145774745865061	1145774721150907
1145774727280445	1145774754203445	1145774728975830
1145774734903138	1145774762548369	1145774737156676
1145774743788369	1145774770893984	1145774745799753
1145774752276753	1145774779235830	1145774754184369
1145774761030522	1145774787565907	1145774762949599
1145774769467215	1145774795930907	1145774771340753
1145774778546522	1145774804267522	1145774780122599
1145774787461369	1145774812615445	1145774789087522
1145774795608676	1145774820932984	1145774797100676
1145774803620061	1145774829279215	1145774805480061
1145774811580676	1145774837609984	1145774813506830
1145774820330830	1145774845949292	1145774822198830
1145774828462292	1145774854284369	1145774830210830
1145774837375215	1145774862624061	1145774838859753
0	1145774870956753	1145774862584369
1145774864823138	1145774879301292	1145774865872753
1145774866953369	1145774887636369	1145774868343753
1145774869068369	1145774895968138	1145774870477599
1145774877953907	1145774904306599	1145774879711138
1145774885923830	1145774912661984	1145774887893676
1145774894812676	1145774920994215	1145774896465984
1145774902585369	1145774929330292	1145774904568445
1145774912290215	1145774937672061	1145774914151522
1145774919369676	1145774946003830	1145774921531753
1145774927172753	1145774954355830	1145774929650522
1145774935099445	1145774962696138	1145774937380138
1145774944306830	1145774971101907	1145774946359522
1145774953987215	1145774979390907	1145774955827445
1145774962333676	1145774987719138	1145774964407830
1145774970204061	1145774996069984	1145774972143446
1145774978233061	1145775004388984	1145774980388984
1145774986905292	1145775012733599	1145774988803138
1145774995251830	1145775021105292	1145774997498522
1145775003613676	1145775029402215	1145775005691138
1145775012449984	1145775037772138	1145775014562599
1145775021267522	1145775046388676	1145775023035830
1145775028498292	1145775054455522	1145775030126215
1145775037439446	1145775062751753	1145775039250522
1145775045516369	1145775071088369	1145775047180984
1145775054282522	1145775079426215	1145775055741599
1145775061176061	1145775087774522	1145775063358830
1145775069444676	1145775096108676	1145775071424753
1145775078152753	1145775104543138	1145775079938522
1145775085967830	1145775112796753	1145775088268138
1145775095480061	1145775121140369	1145775097236061
1145775103226907	1145775129511753	1145775105570599
1145775112519522	1145775137810907	1145775114230599
1145775120708676	1145775146217676	1145775122707522
1145775129639830	1145775154541369	1145775131319753
1145775138373676	1145775162835215	1145775139797676
1145775145996753	1145775171207215	1145775148243446
1145775154199753	1145775179502522	1145775155957292
1145775162152138	1145775187836061	1145775163499446
1145775170830599	1145775196211830	1145775172542599
1145775179358599	1145775204507522	1145775180896369
1145775186084138	1145775212859522	1145775188072369
1145775195626830	9223372036854775807	1145775197428138
