8333333
1146043488084692	1146043513974923	1146043490698615
1146043497879462	1146043522255846	1146043499532154
1146043505416385	1146043530544769	1146043507068154
1146043513876769	1146043538960385	1146043516037000
1146043521554923	1146043547168077	1146043523655538
1146043529896692	1146043555494615	1146043531471154
1146043538817923	1146043563803846	1146043540624769
1146043546054846	1146043572119769	1146043547677308
1146043565743462	1146043580435231	1146043570745385
1146043568454231	1146043588783154	1146043572447231
1146043573973308	1146043597104462	1146043575877077
1146043578955769	1146043605395769	1146043580243154
1146043587325308	1146043613701692	1146043589381077
1146043597420462	1146043622014308	1146043598593692
1146043605309000	1146043630380692	1146043606859538
1146043613500462	1146043638669615	1146043614722538
1146043621568769	1146043646976769	1146043623307538
1146043630101923	1146043655323154	1146043631394000
1146043638652769	1146043663632154	1146043639973077
1146043647020692	1146043671924154	1146043648911231
1146043654948769	1146043680243538	1146043656595154
1146043663140154	1146043688598538	1146043665031462
1146043671233615	1146043696888462	1146043673151462
1146043679573077	1146043705233077	1146043681334538
1146043687550923	1146043713512769	1146043689157385
1146043696302923	1146043721823154	1146043697765615
1146043704954846	1146043730157923	1146043706242308
1146043715708692	1146043738469000	1146043716243846
1146043721169615	1146043746776077	1146043723233692
1146043730230615	1146043755097923	1146043731524077
1146043737884385	1146043763414231	1146043740313308
1146043746192077	1146043771767462	1146043748560462
1146043755100385	1146043780067231	1146043757139462
1146043762587231	1146043788365308	1146043764867846
1146043771848462	1146043796689385	1146043773253385
1146043779499538	1146043805013923	1146043781366231
1146043787303462	1146043813381385	1146043788895846
1146043795932385	1146043821632692	1146043797617000
1146043804677077	1146043829935538	1146043806235231
1146043812691846	1146043838389615	1146043814489000
1146043820850000	1146043846672154	1146043822343538
1146043828721308	1146043854926308	1146043830390615
1146043837762538	1146043863243231	1146043839985692
1146043846260154	1146043871530538	1146043847585308
1146043856280077	1146043879835231	1146043857504077
1146043862837000	1146043888241385	1146043864513923
1146043871678846	1146043896484692	1146043873366846
1146043879913077	1146043904830615	1146043881755231
1146043887498923	1146043913109077	1146043889367769
1146043898229385	1146043921456385	1146043898713385
1146043905694308	1146043929765000	1146043907510615
1146043913720462	1146043938122231	1146043914527846
1146043920371154	1146043946387154	1146043922434923
1146043930608154	1146043954775231	1146043932165385
1146043937140462	1146043963017308	1146043939103846
1146043947679769	1146043971335231	1146043948773077
1146043954192769	1146043979656385	1146043955427538
1146043962569308	1146043987988385	1146043964186308
1146043970327538	1146043996295538	1146043972246231
1146043977314231	1146044004681385	1146043979616462
1146043986797385	1146044012914923	1146043988619231
1146043995144692	1146044021237923	1146043996962538
1146044003632692	1146044029545385	1146044005527846
1146044012476462	1146044037870538	1146044014518615
1146044019974308	1146044046186231	1146044022144462
1146044032985615	1146044054494846	1146044034451846
1146044036648462	1146044062808077	1146044038108692
1146044044637308	1146044071131846	1146044046861308
1146044053439538	1146044079447462	1146044055097615
0	1146044087755154	1146044077317385
1146044075690231	1146044096065077	1146044079218846
1146044078901077	1146044104410308	1146044080775769
1146044085715538	1146044112755846	1146044087995231
1146044094197615	1146044121042615	1146044096391154
1146044103137000	1146044129358000	1146044104894000
1146044112934231	1146044137665923	1146044114246308
1146044121094538	1146044145980385	1146044122573308
1146044128115769	1146044154291769	1146044129789615
1146044137181077	1146044162616385	1146044138694615
1146044145400462	1146044170929615	1146044146893077
1146044153491538	1146044179291846	1146044154940769
1146044162734615	1146044187728462	1146044164225077
1146044170461385	1146044195939846	1146044172173615
1146044180286308	1146044204195154	1146044181466615
1146044188518538	1146044212509077	1146044189998308
1146044195369692	1146044220822538	1146044196870231
1146044202430846	1146044229138923	1146044204711154
1146044211911154	1146044237448385	1146044213187846
1146044219045615	1146044245774308	1146044221061000
1146044227742615	1146044254083154	1146044229701077
1146044235428769	1146044262398308	1146044237438000
1146044243992385	1146044270810846	1146044246002231
1146044252410538	1146044279085000	1146044254384385
1146044260902923	1146044287363231	1146044262937077
1146044269629308	1146044295686308	1146044272240692
1146044277690308	1146044304128385	1146044279824462
1146044286220385	1146044312312769	1146044288428154
1146044295466615	1146044320630231	1146044297690923
1146044303152154	1146044329229923	1146044305421308
1146044312437000	1146044337368385	1146044314354615
1146044320262923	1146044345616462	1146044322118923
1146044328095769	1146044354034615	1146044330415846
1146044336690615	1146044362382538	1146044339275538
1146044344577923	1146044370543462	1146044347141077
1146044353305385	1146044378860462	1146044355450231
1146044361959462	1146044387169385	1146044363974308
1146044370924385	1146044395636462	1146044372810615
1146044377151231	1146044403848154	1146044379428692
1146044384421615	1146044412612385	1146044386898923
1146044392705923	1146044420480154	1146044394960462
1146044403016462	1146044429075538	1146044405232154
1146044411828077	1146044437090231	1146044413997308
1146044420808385	1146044445546000	1146044422605077
1146044428430308	1146044453759462	1146044430673615
1146044435991231	1146044462050308	1146044438156462
1146044444391154	1146044470397308	1146044446926231
1146044453263462	1146044478654308	1146044455222231
1146044461455154	1146044486981385	1146044463518231
1146044469699154	1146044495402308	1146044471877385
1146044477888154	1146044503700692	1146044480037692
1146044487330231	1146044512600154	1146044489197692
1146044494626923	1146044520258923	1146044496788154
1146044503182308	1146044528659846	1146044505149615
1146044511493385	1146044536886846	1146044513634615
1146044519642000	1146044545195846	1146044521652692
1146044528173385	1146044553517692	1146044530227846
1146044535108692	9223372036854775807	1146044537383462
