8333333
1145978885226612	1145978909982304	1145978887071150
1145978892727150	1145978918221996	1145978894741996
1145978900877381	1145978926677919	1145978903038842
1145978909197304	1145978934868688	1145978911323842
1145978917717073	1145978943189996	1145978920353073
1145978926427150	1145978951484150	1145978928587842
1145978934274227	1145978959801612	1145978936830919
1145978942456381	1145978968137996	1145978944800688
1145978951119458	1145978976430304	1145978953637073
1145978960115150	1145978984762612	1145978961667535
1145978967516996	1145978993102227	1145978969814535
1145978975414612	1145979001457304	1145978978025381
1145978984556996	1145979009738919	1145978987341919
1145978992710612	1145979018013073	1145978995371765
1145979000498227	1145979026338842	1145979003073688
1145979009281612	1145979035175535	1145979011690612
1145979016770612	1145979042962535	1145979019243227
1145979024947458	1145979051288150	1145979027746842
1145979033154535	1145979059678842	1145979035914304
1145979041912150	1145979067909996	1145979044470612
1145979050178227	1145979076238842	1145979052884381
1145979059534304	1145979084591150	1145979061929304
1145979066991150	1145979092840996	1145979069525612
1145979074480381	1145979101201073	1145979077552073
1145979081926535	1145979109497073	1145979084550535
1145979090170842	1145979117815765	1145979092696073
1145979098344381	1145979126131535	1145979100759458
1145979106583535	1145979134430612	1145979109175227
1145979115715535	1145979142880073	1145979118164458
1145979130514535	1145979151059227	1145979132976458
1145979132213073	1145979159412688	1145979136245996
1145979140622304	1145979167749612	1145979142936688
1145979148903765	1145979176013996	1145979151349612
1145979157908381	1145979184337688	1145979160384765
1145979166248688	1145979192638535	1145979168551535
1145979173973612	1145979200968458	1145979176307458
1145979183120073	1145979209266919	1145979185407842
1145979190878612	1145979217793688	1145979193168996
1145979200882919	1145979225947458	1145979202939150
1145979207980765	1145979234236381	1145979210342919
1145979216880688	1145979242542535	1145979219052765
1145979224684688	1145979250865304	1145979226989304
1145979232970227	1145979259188765	1145979235016996
1145979241037688	1145979267531227	1145979243259458
1145979249197304	1145979275798842	1145979251622227
1145979258944381	1145979284114535	1145979261268688
1145979269148458	1145979292534842	1145979270500150
1145979274025304	1145979300796150	1145979276285073
1145979282835765	1145979309155227	1145979284928150
1145979290305996	1145979317547842	1145979292805688
1145979298096381	1145979325877381	1145979300701073
1145979307963842	1145979334041073	1145979310562842
1145979316551227	1145979342399535	1145979319303150
1145979325272996	1145979350824073	1145979327339765
1145979333737073	1145979359105919	1145979335882612
1145979342265304	1145979367283765	1145979344746842
1145979350895458	1145979376048381	1145979353173996
1145979358570842	1145979383915227	1145979360854612
1145979367018612	1145979392226535	1145979369012073
1145979374820150	1145979400601304	1145979377029996
1145979384203535	1145979408851150	1145979386068458
1145979392262842	1145979417171765	1145979393982535
1145979399894612	1145979425613919	1145979402294304
1145979407644458	1145979433941381	1145979409925304
1145979416275765	1145979442141612	1145979418620150
1145979424854612	1145979450429073	1145979427338919
1145979432879458	1145979458859842	1145979435230919
1145979442253073	1145979467057688	1145979444334612
1145979450227765	1145979475352150	1145979452370842
1145979458126842	1145979483684688	1145979460625919
1145979468212150	1145979492027227	1145979470225996
1145979472280765	1145979500322919	1145979473977073
1145979480655150	1145979508619765	1145979483186227
1145979489181996	1145979516931458	1145979491634535
1145979497478842	1145979525256381	1145979499916688
1145979505733996	1145979533649304	1145979508138612
1145979514161996	1145979541891535	1145979516936458
1145979522080381	1145979550194227	1145979524438227
1145979530953381	1145979558521996	1145979533060458
1145979538752150	1145979566820150	1145979541220688
1145979547427535	1145979575132765	1145979549703765
1145979555372073	1145979583451227	1145979557688458
1145979563477381	1145979591767227	1145979565832996
1145979571539842	1145979600109612	1145979573890612
1145979580043227	1145979608404996	1145979582657688
1145979588514919	1145979616792765	1145979591016150
1145979597569919	1145979625046304	1145979599711458
1145979606700996	1145979633385688	1145979608885381
1145979616350227	1145979641752688	1145979618248458
1145979624864688	1145979649992073	1145979627127842
1145979642423535	1145979658298304	1145979644565073
1145979645264150	1145979666729612	1145979646413381
1145979648137073	1145979674929304	1145979650363765
1145979658308381	1145979683248381	1145979660376688
1145979666313073	1145979691607227	1145979668733919
1145979674198535	1145979699872688	1145979676383842
1145979680920688	1145979708174612	1145979683129612
1145979688609381	1145979716494535	1145979691527842
1145979697190919	1145979724804996	1145979699524381
1145979704826535	1145979733200996	1145979707252688
1145979713106227	1145979741545688	1145979715488073
1145979721511150	1145979749822535	1145979724201304
1145979730375842	1145979758089073	1145979732833996
1145979738439765	1145979766410227	1145979740995842
1145979746499765	1145979774773996	1145979749083765
1145979759148996	1145979783038304	1145979761627227
1145979763308073	1145979791352150	1145979765542842
1145979771997688	1145979799974919	1145979774299765
1145979781404073	1145979808383842	1145979783766227
1145979790216381	1145979816407535	1145979792753688
1145979799074304	1145979824621304	1145979801278227
1145979807557688	1145979833077996	1145979809683458
1145979815032765	1145979841317381	1145979817820688
1145979823781612	1145979849784996	1145979825939535
1145979830270304	1145979857880765	1145979832877612
1145979838274842	1145979866353073	1145979840842842
1145979849109688	1145979874535535	1145979851305612
1145979858193073	1145979882871150	1145979860224150
1145979866467150	1145979891305996	1145979868426842
1145979874830227	1145979899559458	1145979876776150
1145979882063535	1145979907897304	1145979884224688
1145979890293688	1145979916302227	1145979892646304
1145979898935765	1145979924459842	1145979901134304
1145979907534612	1145979932874842	1145979909465919
1145979915509073	1145979941023535	1145979917944381
1145979923763150	1145979949367227	1145979926038304
1145979932512458	9223372036854775807	1145979934400688
