8333333
1145726948748366	1145726973745058	1145726950644673
1145726955608135	1145726982078596	1145726957783750
1145726966664135	1145726990452366	1145726968129289
1145726973257289	1145726998872750	1145726975168366
1145726981801058	1145727007137981	1145726983938827
1145726990366520	1145727015434520	1145726992568058
1145726998001289	1145727023771520	1145727000268443
1145727006560981	1145727032111827	1145727008612981
1145727014677673	1145727040471520	1145727016726596
1145727023422289	1145727048800135	1145727025474596
1145727031635135	1145727057157673	1145727033474520
1145727039237981	1145727065468981	1145727041368135
1145727047442520	1145727073812135	1145727049650520
1145727059288981	1145727082259750	1145727060505366
1145727065932366	1145727090530520	1145727067633596
1145727072859827	1145727098979443	1145727074856058
1145727081344366	1145727107169596	1145727083300750
1145727088972673	1145727115499827	1145727091137673
1145727097874212	1145727123847212	1145727099799443
1145727105946289	1145727132397289	1145727108057366
1145727114261596	1145727140532750	1145727116669058
1145727122897981	1145727148933904	1145727125096673
1145727133868981	1145727157235135	1145727135086289
1145727141053981	1145727165547443	1145727142769673
1145727150963212	1145727173933366	1145727151735750
1145727155705058	1145727182234596	1145727157864981
1145727164799520	1145727190563443	1145727166785058
1145727173413673	1145727198914289	1145727175321596
1145727181967443	1145727207232135	1145727183479443
1145727190936058	1145727215660750	1145727192393673
1145727198109673	1145727223928135	1145727199798289
1145727206038827	1145727232255135	1145727207882520
1145727215296058	1145727240614520	1145727217185366
1145727224468443	1145727249098597	1145727225601366
1145727231675520	1145727257295135	1145727233835750
1145727240594289	1145727265776058	1145727242240058
1145727250151750	1145727274084058	1145727251231750
1145727257744135	1145727282300981	1145727259416981
1145727266042289	1145727290646597	1145727267260673
1145727273966597	1145727298993289	1145727275578289
1145727281739827	1145727307327827	1145727283602212
1145727289757981	1145727315850827	1145727291619135
1145727298210904	1145727323995443	1145727300302597
0	1145727332334827	1145727324847750
1145727323960750	1145727340683212	1145727326616135
1145727327896750	1145727349016750	1145727330052750
1145727330738597	1145727357359443	1145727331706212
1145727339612673	1145727365703520	1145727341395212
1145727347759443	1145727374028443	1145727349746597
1145727357883135	1145727382380366	1145727359358597
1145727365967212	1145727390720750	1145727367429058
1145727373683212	1145727399057597	1145727375524366
1145727382033289	1145727407411827	1145727383806597
1145727389957366	1145727415753673	1145727391638289
1145727398654827	1145727424079443	1145727400186827
1145727410004750	1145727432436135	1145727412108366
1145727414447827	1145727440752135	1145727415657058
1145727423400981	1145727449092673	1145727425402520
1145727432065981	1145727457441058	1145727433764366
1145727439878597	1145727465781058	1145727441835135
1145727448489673	1145727474110520	1145727450436673
1145727457588750	1145727482498597	1145727459075827
1145727464904366	1145727490789981	1145727466425058
1145727473340058	1145727499124058	1145727474772750
1145727482428366	1145727507477981	1145727483728366
1145727490784443	1145727515857981	1145727492603443
1145727498627750	1145727524152135	1145727500446827
1145727506704443	1145727532568366	1145727508538597
1145727514709058	1145727540836366	1145727516622520
1145727523794597	1145727549192058	1145727525698289
1145727532544366	1145727557502904	1145727534041673
1145727540276366	1145727565848981	1145727542136750
1145727549080058	1145727574316750	1145727550300981
1145727557572058	1145727582528058	1145727559235750
1145727566175827	1145727590864058	1145727567925058
1145727573124058	1145727599194212	1145727575100673
1145727583009289	1145727607541289	1145727583663827
1145727590096058	1145727615885289	1145727591533673
1145727597351750	1145727624218597	1145727599431443
1145727606849366	1145727632569366	1145727609043827
1145727613859750	1145727640911135	1145727616049981
1145727622342827	1145727649329673	1145727624531827
1145727632214827	1145727657588135	1145727633691135
1145727640365058	1145727665922212	1145727641795750
1145727649155750	1145727674267750	1145727650823212
1145727657176135	1145727682659750	1145727659116673
1145727665142289	1145727690944750	1145727667514212
1145727673640058	1145727699309673	1145727675581597
1145727682624443	1145727707692135	1145727684106520
1145727691221058	1145727716365289	1145727692892366
1145727698737289	1145727724332981	1145727700579520
1145727708168058	1145727732643443	1145727709704366
1145727716110289	1145727740970827	1145727717396443
1145727723750212	1145727749309673	1145727725596443
1145727731988366	1145727757671135	1145727733291135
1145727739459520	1145727766011443	1145727741344058
1145727747894520	1145727774332750	1145727749736058
1145727755550827	1145727782677597	1145727757600058
1145727763890212	1145727791039750	1145727766110212
1145727772419750	1145727799353904	1145727774266827
1145727782203135	1145727807709981	1145727783615135
1145727790461058	1145727816125366	1145727792175135
1145727798694520	1145727824388750	1145727800629904
0	1145727832871135	1145727823912981
1145727824918520	1145727841071212	1145727825786904
1145727828221058	1145727849400750	1145727829903827
1145727832614827	1145727857760673	1145727835340135
1145727840374212	1145727866072750	1145727842539212
1145727848109904	1145727874422520	1145727850048673
1145727858337904	1145727882759135	1145727859041673
1145727865589366	1145727891114520	1145727866612366
1145727872980135	1145727899454904	1145727875283443
1145727881814212	1145727907774827	1145727883466827
1145727889859212	1145727916187520	1145727891700673
1145727898382212	1145727924459750	1145727900409058
1145727907343135	1145727932807520	1145727909294289
1145727915441981	1145727941285981	1145727917369058
1145727924060750	1145727949536673	1145727926277904
1145727932118520	1145727957838597	1145727934163520
1145727943939443	1145727966153597	1145727944613289
1145727949133366	1145727974487135	1145727950993289
1145727957205904	1145727982921904	1145727959163750
1145727965245981	1145727991157904	1145727967088673
1145727973571750	1145727999521981	1145727975483520
1145727981841366	1145728007846597	1145727983789904
1145727991166520	1145728016177366	1145727993086827
1145727997863520	9223372036854775807	1145728000104058
