8333333
1146184108741701	1146184129257701	1146184112254931
1146184113030855	1146184137599778	1146184115634855
1146184121642316	1146184145890547	1146184123127470
1146184129056701	1146184154220701	1146184130524393
1146184137396085	1146184162528470	1146184139244162
1146184144742547	1146184170862547	1146184146582624
1146184153465008	1146184179174239	1146184155420162
1146184161925316	1146184187550931	1146184164135778
1146184170163547	1146184195944778	1146184172040085
1146184178424778	1146184204181085	1146184180393316
1146184186633701	1146184212431778	1146184188534316
1146184195200778	1146184220787470	1146184197485008
1146184203486931	1146184229081393	1146184205639470
1146184211324085	1146184237375855	1146184213339778
1146184220623239	1146184245689393	1146184222318624
1146184228257008	1146184254011239	1146184229801701
1146184236155470	1146184262328778	1146184237953931
1146184245618931	1146184270655778	1146184247666855
1146184253401316	1146184278961393	1146184255310316
1146184261937624	1146184287301316	1146184263789624
1146184270465931	1146184295597316	1146184272516778
1146184278569008	1146184303905701	1146184280497701
1146184286948701	1146184312253931	1146184289392162
1146184295293931	1146184320561085	1146184296785085
1146184302672393	1146184328891547	1146184304767547
1146184314254547	1146184337191470	1146184315297316
1146184320794239	1146184345518008	1146184322433085
1146184329126316	1146184353802316	1146184330338547
1146184337598624	1146184362120085	1146184338789316
1146184345346008	1146184370436701	1146184347068701
1146184353441316	1146184378771239	1146184355314855
1146184361278931	1146184387070855	1146184362853316
1146184369600701	1146184395382008	1146184370950624
1146184377085624	1146184403725008	1146184379184470
1146184386729393	1146184412053316	1146184388863855
1146184395298316	1146184420329393	1146184397221316
1146184404305085	1146184428642855	1146184405731162
1146184411565085	1146184436973701	1146184413513931
1146184420342239	1146184445299547	1146184421738624
1146184427513316	1146184453611778	1146184429474931
1146184437092701	1146184462020470	1146184438885931
1146184445507778	1146184470326931	1146184447626855
1146184453687855	1146184478623470	1146184455915547
1146184461430239	1146184487011239	1146184463629701
1146184469776393	1146184495220085	1146184471994239
1146184477894547	1146184503616393	1146184479909701
1146184485802855	1146184511871239	1146184487787855
1146184494209316	1146184520278008	1146184496434624
1146184502772162	1146184528525316	1146184504842316
1146184511905085	1146184536839855	1146184513962855
1146184519663470	1146184545166547	1146184521767239
1146184527843162	1146184553482855	1146184529799547
1146184536180393	1146184562010239	1146184538354931
1146184543834547	1146184570165393	1146184545867855
1146184552073931	1146184578441085	1146184553983855
1146184560869931	1146184586779239	1146184562950624
1146184569182239	1146184595068393	1146184571336085
1146184577782547	1146184603427239	1146184580321393
1146184585719239	1146184611719778	1146184587967855
1146184593949624	1146184620098547	1146184596504393
1146184612145008	1146184628364778	1146184618643162
1146184614337008	1146184636726316	1146184621961931
1146184621011162	1146184645079470	1146184623791470
1146184626479547	1146184653337085	1146184627972470
1146184635844393	1146184661665316	1146184638121008
1146184644429624	1146184670488701	1146184646741931
1146184652502008	1146184678382931	1146184654655162
1146184660584162	1146184686649701	1146184662766855
1146184669916701	1146184694946931	1146184671673701
1146184677422239	1146184703204162	1146184679862931
1146184686410008	1146184711762855	1146184688598316
1146184694034316	1146184719854316	1146184696467162
1146184702451778	1146184728269008	1146184704715239
1146184710701624	1146184736488085	1146184713189085
1146184719283547	1146184744792085	1146184721315239
1146184727305931	1146184753139855	1146184729843162
1146184735521316	1146184761410931	1146184737785701
1146184742914547	1146184769723239	1146184745025701
1146184750681701	1146184778042239	1146184753041008
1146184758659162	1146184786368701	1146184761007547
1146184767876393	1146184794730624	1146184769964701
1146184776058239	1146184803001624	1146184778272162
1146184783660778	1146184811344085	1146184785346316
1146184792920393	1146184819689085	1146184794679778
1146184802709008	1146184828162624	1146184805078855
1146184811210931	1146184836286547	1146184813331778
1146184819352085	1146184844592393	1146184821812085
1146184827466855	1146184852906855	1146184829806624
1146184835924470	1146184861330547	1146184838216085
1146184844885701	1146184869552470	1146184846881008
1146184853185931	1146184877862624	1146184855460162
1146184862018855	1146184886193085	1146184864142008
1146184869306931	1146184894520778	1146184871346547
1146184877594008	1146184902957931	1146184879701701
1146184885569624	1146184911163239	1146184887515547
1146184892697701	1146184919446008	1146184895101085
1146184899873008	1146184927768162	1146184902255470
1146184908259470	1146184936221316	1146184910681931
1146184917282316	1146184944478855	1146184919449624
1146184925531162	1146184952718931	1146184928402624
1146184933322316	1146184961220778	1146184935886316
1146184941855855	1146184969363162	1146184944165008
1146184951447855	1146184977718855	1146184953531778
1146184960355855	1146184985984778	1146184962567470
1146184968540085	1146184994313393	1146184970862547
1146184976935470	1146185002635855	1146184979087162
1146184985212162	1146185010936085	1146184987485701
1146184993549624	1146185019257624	1146184995743239
1146185001772162	1146185027579239	1146185004097931
1146185010076470	1146185035990316	1146185012382931
1146185018347855	1146185044196162	1146185020779855
1146185027787470	1146185052507162	1146185029668393
1146185035315470	1146185060932085	1146185037477701
1146185042119778	1146185069141316	1146185043729931
1146185050495547	1146185077579855	1146185052888162
1146185058293085	1146185085897624	1146185060737931
1146185067292162	1146185094087239	1146185069823470
1146185075790008	1146185102434624	1146185078070239
1146185085059162	1146185110778239	1146185087315162
1146185094045316	1146185119067778	1146185096457008
1146185101528778	1146185127355470	1146185103537701
1146185119448393	1146185135709701	1146185123534008
1146185121979239	1146185144044470	1146185125343239
1146185125792701	1146185152320393	1146185128913008
1146185134704085	1146185160654008	1146185137041931
1146185143170931	1146185168942547	1146185145416701
1146185151521008	9223372036854775807	1146185153932085
