8333333
1145721076892058	1145721102699212	1145721079197058
1145721084400981	1145721111046212	1145721086689596
1145721092221365	1145721119414827	1145721094586904
1145721102240673	1145721127847827	1145721104111827
1145721109961596	1145721136185904	1145721111847212
1145721118854519	1145721144384981	1145721120884981
1145721126996135	1145721152793365	1145721129376981
1145721135608135	1145721161083442	1145721137508365
1145721143687519	1145721169418288	1145721145528365
1145721151556365	1145721177760365	1145721153821904
1145721159988981	1145721186088365	1145721162260365
1145721168695135	1145721194427827	1145721170701673
1145721178461058	1145721202780135	1145721180160442
1145721185802519	1145721211112365	1145721187229288
1145721193259750	1145721219473288	1145721194937904
1145721202153288	1145721227799212	1145721204096058
1145721211726288	1145721236136750	1145721213581904
1145721219823519	1145721244548981	1145721221856135
1145721227061981	1145721252823442	1145721229415442
1145721235374288	1145721261236673	1145721237321673
1145721243673596	1145721269678212	1145721245659442
1145721252508981	1145721277833058	1145721254410288
1145721260453365	1145721286207827	1145721262597058
1145721268871135	1145721294529673	1145721270550827
1145721277849673	1145721302847750	1145721280374596
1145721285736673	1145721311270904	1145721286906212
1145721294628365	1145721319539827	1145721296555212
1145721314951827	1145721327869288	1145721318833058
1145721318112365	1145721336382288	1145721320599827
1145721321350827	1145721344710519	1145721322206596
1145721326743135	1145721352977904	1145721328944750
1145721335539135	1145721361233673	1145721337696442
1145721344728058	1145721369578904	1145721346852673
1145721352324981	1145721377913365	1145721354289673
1145721360517673	1145721386252981	1145721362473904
1145721368572442	1145721394599212	1145721370545058
1145721377153058	1145721403037904	1145721379398904
1145721386511827	1145721411384135	1145721388598288
1145721394040365	1145721419614288	1145721396415212
1145721401701596	1145721427986596	1145721403947442
1145721410316442	1145721436327750	1145721412493365
1145721418428981	1145721444721058	1145721420837673
1145721427198827	1145721453071519	1145721429569673
1145721435302212	1145721461319135	1145721437567442
1145721444668981	1145721469648981	1145721447202596
1145721452182904	1145721477993596	1145721454960442
1145721459964135	1145721486363827	1145721462108673
1145721468676135	1145721494721673	1145721470880135
1145721476891519	1145721503007750	1145721479185596
1145721485052365	1145721511356058	1145721487325365
1145721493232135	1145721519785904	1145721495493673
1145721502659212	1145721528122288	1145721504934827
1145721511061365	1145721536360365	1145721513298904
1145721518737596	1145721544708365	1145721520852673
1145721526730288	1145721553051135	1145721529062288
1145721537029904	1145721561386212	1145721539230212
1145721543923135	1145721569717058	1145721546348058
1145721552735442	1145721578087750	1145721555007827
1145721564265596	1145721586409058	1145721565718596
1145721568443519	1145721594746212	1145721570416981
1145721576111750	1145721603205904	1145721578084442
1145721585822519	1145721611432135	1145721587669365
1145721593185288	1145721619772442	1145721595253365
1145721603525365	1145721628336365	1145721605857673
1145721610977288	1145721636435212	1145721613252442
1145721619741365	1145721644869058	1145721621531135
1145721627612442	1145721653135519	1145721629847212
1145721636216673	1145721661467212	1145721637923212
1145721644127827	1145721669897058	1145721646309058
1145721652533904	1145721678140135	1145721654525904
1145721660899442	1145721686477288	1145721662690519
1145721668969981	1145721694828981	1145721671224058
1145721678843442	1145721703190904	1145721680214212
1145721685321288	1145721711506904	1145721687183135
1145721693719827	1145721719837058	1145721695878288
1145721702500365	1145721728189058	1145721704428058
1145721710334212	1145721736517673	1145721712039519
1145721718673673	1145721744850904	1145721720866827
1145721726791442	1145721753186288	1145721728763750
1145721735702212	1145721761612442	1145721737899442
1145721744160442	1145721769864442	1145721745913288
1145721750170904	1145721778217596	1145721752328981
1145721759113596	1145721786543519	1145721761396981
1145721768606904	1145721794889596	1145721770432981
1145721775131827	1145721803228750	1145721777409058
1145721783285365	1145721811714904	1145721785694596
1145721792365058	1145721819911442	1145721794297288
1145721809814596	1145721828254288	1145721816396135
1145721811876981	1145721836604135	1145721818021673
1145721818566904	1145721844998827	1145721821568135
1145721826423750	1145721853310288	1145721828526827
1145721836347442	1145721861610519	1145721838780135
1145721844265981	1145721869961058	1145721846123750
1145721852739212	1145721878298212	1145721855035212
1145721860440058	1145721886625365	1145721862284365
1145721869054596	1145721894965058	1145721871246596
1145721877323442	1145721903297596	1145721879427442
1145721885344365	1145721911640365	1145721887610288
1145721891894827	1145721919977904	1145721894243212
1145721900396365	1145721928323442	1145721902656981
1145721908152442	1145721936685673	1145721910378519
1145721916697365	1145721945117904	1145721918993904
1145721928449673	1145721953374519	1145721930057904
1145721935556673	1145721961704365	1145721937912981
1145721945821288	1145721970034519	1145721947640981
1145721953175212	1145721978428058	1145721955464365
1145721961046596	1145721986748673	1145721963407519
1145721968605904	1145721995046596	1145721970917365
1145721976993904	1145722003449288	1145721979648135
1145721985874212	1145722011730519	1145721988767750
1145721995714904	1145722020078596	1145721997945981
1145722001928365	1145722028436981	1145722004128135
1145722010319750	1145722036760135	1145722012698827
1145722018283750	1145722045110904	1145722020306827
1145722025602212	1145722053428365	1145722028102212
1145722035216365	1145722061780135	1145722037373904
1145722044210519	1145722070115212	1145722046680135
1145722052419519	1145722078447750	1145722054825904
1145722061127442	1145722086808058	1145722063437673
1145722070831135	1145722095116750	1145722072552981
1145722077725904	1145722103474596	1145722079894904
1145722085475519	1145722111896058	1145722087287827
1145722093738212	1145722120147212	1145722095638827
1145722102681981	1145722128478827	1145722104574596
1145722111125904	1145722136840442	1145722112902212
1145722119407519	1145722145152673	1145722121583750
1145722127537596	9223372036854775807	1145722129588673
