8333333
1146254433854551	1146254459539859	1146254435888474
1146254442113936	1146254467868474	1146254444217397
1146254450357628	1146254476196166	1146254452610551
1146254459186936	1146254484502859	1146254461081397
1146254466665628	1146254492797705	1146254469238013
1146254475159859	1146254501112705	1146254477406320
1146254482166320	1146254509476089	1146254484349320
1146254490255243	1146254517753089	1146254492332705
1146254498918243	1146254526081397	1146254501226551
1146254507298551	1146254534388166	1146254509479551
1146254518069320	1146254542742628	1146254519752166
1146254524734628	1146254551013089	1146254526839551
1146254533932705	1146254559377628	1146254536134013
1146254541666859	1146254567784474	1146254543738320
1146254550065628	1146254576006936	1146254552248166
1146254558264089	1146254584325628	1146254560472397
1146254566573089	1146254592642320	1146254568872705
1146254575500166	1146254600940705	1146254577301936
1146254583134243	1146254609234936	1146254585262013
1146254591941089	1146254617559166	1146254594347859
1146254600997013	1146254625895474	1146254602720474
1146254607569936	1146254634237089	1146254609618936
1146254622311551	1146254642582628	1146254624454628
1146254624847243	1146254650826320	1146254627599551
1146254632717705	1146254659149397	1146254634936474
1146254641172705	1146254667466936	1146254643353936
1146254650092474	1146254675823166	1146254652365089
1146254657604782	1146254684085013	1146254659784397
1146254666021628	1146254692400397	1146254668581089
1146254676705013	1146254700793089	1146254677883474
1146254683582243	1146254709108397	1146254685095474
1146254692739782	1146254717354936	1146254694302551
1146254700898628	1146254725809397	1146254702138551
1146254709305705	1146254734036474	1146254710633013
1146254716514013	1146254742296705	1146254717980474
1146254725711551	1146254750616166	1146254727402551
1146254733691166	1146254758942013	1146254734835474
1146254742959551	1146254767245705	1146254744817705
1146254750382320	1146254775569320	1146254752152705
1146254758038936	1146254783886243	1146254759864089
1146254766886243	1146254792325705	1146254768568397
1146254774455166	1146254800513013	1146254776357705
1146254783446936	1146254809148166	1146254785686551
1146254791500474	1146254817159859	1146254793482628
1146254799749320	1146254825477013	1146254801558243
1146254809664782	1146254833790320	1146254811393013
1146254817028705	1146254842098628	1146254818563782
1146254824361089	1146254850546013	1146254826037705
1146254833083859	1146254858743243	1146254834529628
1146254841889089	1146254867055166	1146254843904397
1146254850204782	1146254875375166	1146254852391243
1146254858851551	1146254883689628	1146254860575243
1146254866748782	1146254892030628	1146254867995859
1146254874580705	1146254900318320	1146254876192089
1146254882563859	1146254908628166	1146254884350243
1146254891063166	1146254916963782	1146254892701320
1146254899276705	1146254925422013	1146254901216705
1146254907087243	1146254933579782	1146254909201705
1146254916915243	1146254941959859	1146254918946936
1146254924303166	1146254950220474	1146254926302936
1146254932712782	1146254958567782	1146254934682320
1146254940962551	1146254966856474	1146254943235782
1146254950639474	1146254975287474	1146254952549013
1146254958543551	1146254983505320	1146254960788089
1146254966097089	1146254991822936	1146254967218859
1146254974120089	1146255000125397	1146254976210551
1146254982229320	1146255008438243	1146254984403551
1146254990932397	1146255016756397	1146254993095474
1146255001289089	1146255025070859	1146255003036397
1146255008720089	1146255033471166	1146255010388705
1146255016913936	1146255041696397	1146255018644782
1146255024859551	1146255050015166	1146255026946936
1146255032784089	1146255058350859	1146255034607782
1146255041362013	1146255066649013	1146255043528705
1146255048819474	1146255075102936	1146255051009397
1146255057048474	1146255083282628	1146255058975551
1146255065527859	1146255091598013	1146255067494628
1146255072762320	1146255099913397	1146255075070859
1146255081537705	1146255108229397	1146255083811474
1146255090008166	1146255116549936	1146255092418320
1146255098227551	1146255124859782	1146255100529936
1146255105884397	1146255133176166	1146255108077628
1146255114229320	1146255141526551	1146255116424782
1146255131168397	1146255149829320	1146255136609705
1146255133821936	1146255158173936	1146255138136474
1146255139504090	1146255166466628	1146255141498551
1146255149017013	1146255174752782	1146255151002628
1146255157175166	1146255183077936	1146255159178628
1146255165001936	1146255191433705	1146255166954936
1146255174834859	1146255199714013	1146255176570859
1146255184241936	1146255208099166	1146255185426628
1146255190740090	1146255216345320	1146255192811551
1146255198717936	1146255224657320	1146255200633705
1146255206278859	1146255232987782	1146255208329397
1146255214960705	1146255241283782	1146255216733936
1146255223276090	1146255249720474	1146255225277397
1146255230973397	1146255257972397	1146255233147551
1146255239418859	1146255266389936	1146255241590243
1146255247328705	1146255274560397	1146255249548090
1146255255466320	1146255282877705	1146255257731166
1146255265737090	1146255291188782	1146255267294551
1146255273962859	1146255299522551	1146255275493320
1146255282242320	1146255307836090	1146255284197936
1146255290698628	1146255316161397	1146255292414628
1146255299012705	1146255324480782	1146255301046551
1146255306843551	1146255332776705	1146255309087166
1146255315595859	1146255341096782	1146255317653705
1146255323961936	1146255349413397	1146255325706936
1146255331900782	1146255357737936	1146255333762628
1146255340699859	1146255366044474	1146255342584166
1146255349343551	1146255374354936	1146255351168782
1146255357186243	1146255382669628	1146255359050936
1146255365147166	1146255391077320	1146255367055782
1146255373924705	1146255399404397	1146255375702628
1146255380907243	1146255407621705	1146255382928397
1146255390934936	1146255415938859	1146255392547474
1146255397487782	1146255424271859	1146255399390551
1146255405957013	1146255432596705	1146255408097397
1146255414310551	1146255440891782	1146255416368397
1146255424578551	1146255449210320	1146255425784705
1146255431803166	1146255457559551	1146255433865320
1146255441112166	1146255465849090	1146255442331243
1146255449192474	1146255474152090	1146255450993397
1146255456630243	1146255482474013	1146255458749936
1146255466165320	1146255490834243	1146255467767859
1146255473583859	1146255499111859	1146255475337936
1146255481200474	9223372036854775807	1146255482945936
