8333333
1145744626351136	1145744653595521	1145744628382828
1145744632226213	1145744661948059	1145744634193367
1145744641280367	1145744670295136	1145744643241905
1145744649111136	1145744678802598	1145744651183136
1145744658786521	1145744686967521	1145744660817367
1145744667764059	1145744695321290	1145744669931521
1145744676467751	1145744703680674	1145744678273905
1145744684664059	1145744711974828	1145744686563828
1145744694048367	1145744720398828	1145744695970213
1145744703312751	1145744728654290	1145744705698290
1145744708725598	1145744736998598	1145744710376444
1145744718292059	1145744745331521	1145744720511444
1145744724389598	1145744753680982	1145744726433982
1145744733717598	1145744762003136	1145744736242290
1145744741595521	1145744770350905	1145744743629674
1145744750539521	1145744778684059	1145744752483828
1145744758128444	1145744787030828	1145744760251751
1145744765734828	1145744795446828	1145744767761367
1145744775138905	1145744803705674	1145744777916444
1145744783759828	1145744812198905	1145744785773367
1145744792699136	1145744820394905	1145744794779213
1145744800237905	1145744828722905	1145744801695444
1145744809661367	1145744837144059	1145744811851136
1145744817190828	1145744845404751	1145744819035828
1145744831916751	1145744853744982	1145744833193290
1145744835857367	1145744862089905	1145744837482290
1145744842015521	1145744870421674	1145744844191213
1145744849335213	1145744878763521	1145744851507136
1145744859809674	1145744887103136	1145744861428982
1145744865708136	1145744895468367	1145744867708059
1145744874243751	1145744903784751	1145744876357290
1145744883437905	1145744912215136	1145744885364982
1145744892682213	1145744920477982	1145744893958213
1145744900646828	1145744928839521	1145744902569290
1145744908819444	1145744937309674	1145744910692674
1145744916543828	1145744945506828	1145744918331521
1145744926137059	1145744953824367	1145744928132059
1145744933218905	1145744962153982	1145744935197059
1145744941927828	1145744970493905	1145744943945674
1145744951911213	1145744978855751	1145744954301367
1145744959130905	1145744987236982	1145744961045905
1145744965884136	1145744995543136	1145744968199828
1145744973911521	1145745003868059	1145744975961905
1145744984516674	1145745012294521	1145744986377982
1145744990628982	1145745020557059	1145744992698828
1145745001304136	1145745028897674	1145745003408367
1145745009748444	1145745037231521	1145745011547444
1145745016493367	1145745045796751	1145745018490521
1145745028700367	1145745053941674	1145745029614213
1145745035694828	1145745062382828	1145745037852059
1145745043889905	1145745070571213	1145745045816059
1145745053513982	1145745078912136	1145745054909905
1145745058004751	1145745087271213	1145745059534828
1145745066092674	1145745095677367	1145745067980367
1145745074580444	1145745103944444	1145745076776136
1145745083917367	1145745112289674	1145745085862213
1145745094251136	1145745120595136	1145745096117674
1145745100194521	1145745128945982	1145745102149059
1145745109868674	1145745137305290	1145745111663521
1145745116264367	1145745145623751	1145745117877290
1145745122846828	1145745153998521	1145745125200751
1145745130875751	1145745162297674	1145745133106521
1145745139061982	1145745170644136	1145745141102828
1145745148846521	1145745178997059	1145745151008444
1145745156822905	1145745187330290	1145745158871444
1145745165793598	1145745195662213	1145745167905598
1145745174535444	1145745203997367	1145745176640059
1145745184562290	1145745212351136	1145745186470905
1145745191715751	1145745220685290	1145745193648751
1145745198402828	1145745229021059	1145745200379751
1145745207112444	1145745237365059	1145745209134213
1145745215624444	1145745245698828	1145745217468751
1145745224556982	1145745254045367	1145745226492059
1145745232986213	1145745262400982	1145745234967213
1145745240857982	1145745270718521	1145745242489367
1145745249236367	1145745279071444	1145745250928136
1145745255233982	1145745287403521	1145745257306521
1145745263466213	1145745295749290	1145745265702905
1145745272195213	1145745304120059	1145745274402290
1145745280183828	1145745312432751	1145745282747444
1145745291923213	1145745320770213	1145745293288444
1145745300645675	1145745329103828	1145745301645598
1145745307521598	1145745337453675	1145745309481367
1145745315798828	1145745345783213	1145745317794598
1145745324742598	1145745354125290	1145745326429982
1145745331497290	1145745362485367	1145745333749290
1145745341728675	1145745370824136	1145745344156136
1145745349239136	1145745379200059	1145745351274521
1145745357311828	1145745387484982	1145745359332675
1145745366006598	1145745395833905	1145745368287136
1145745377295521	1145745404175521	1145745379108367
1145745382372367	1145745412501982	1145745384105290
1145745390877905	1145745420847136	1145745392764675
1145745399792751	1145745429194598	1145745401538598
1145745407178290	1145745437518828	1145745409217598
1145745414265367	1145745445864444	1145745416591444
1145745422796059	1145745454208675	1145745425073598
1145745430842213	1145745462570213	1145745433258828
1145745438874905	1145745471003136	1145745441253598
1145745448853675	1145745479234828	1145745451020982
1145745457835213	1145745487568675	1145745460085675
1145745465734213	1145745495909059	1145745468037982
1145745475919213	1145745504236675	1145745478140751
1145745484528444	1145745512622828	1145745486400675
1145745490882598	1145745520933059	1145745493311444
1145745497857982	1145745529273598	1145745500081905
1145745505747828	1145745537615213	1145745508150598
1145745513750598	1145745545933675	1145745516179444
1145745524262905	1145745554289905	1145745526100675
1145745532143444	1145745562692367	1145745534585982
1145745540288444	1145745570958598	1145745542326290
1145745548411444	1145745579299444	1145745550444982
1145745556966213	1145745587657905	1145745559456367
1145745565854521	1145745595980367	1145745567838521
1145745572807444	1145745604323828	1145745575439136
1145745582662290	1145745612660982	1145745584684059
1145745591452136	1145745621006828	1145745593675828
1145745597778521	1145745629333598	1145745600184675
1145745607049982	1145745637759444	1145745609434213
1145745614571521	1145745646026598	1145745617043444
1145745623522521	1145745654401367	1145745625849905
1145745631090598	1145745662715521	1145745633244444
1145745640333982	1145745671040751	1145745642503828
1145745649946213	1145745679378213	1145745651877982
1145745661075751	1145745687717059	1145745663115521
1145745667899136	1145745696084444	1145745669871136
1145745674221982	9223372036854775807	1145745676321367
