8333333
1145967233702918	1145967257846611	1145967235651457
1145967242054842	1145967266283534	1145967243601303
1145967249043842	1145967274464457	1145967250572072
1145967256516765	1145967282786303	1145967258321611
1145967265980380	1145967291111226	1145967267821611
1145967275388072	1145967299476995	1145967276146226
1145967281752072	1145967307811534	1145967283706534
1145967290653380	1145967316247534	1145967292648457
1145967298668457	1145967324373303	1145967300523534
1145967307856072	1145967332697380	1145967309302226
1145967315784149	1145967341100380	1145967317635765
1145967323483457	1145967349316149	1145967325411765
1145967331780149	1145967357637380	1145967334466842
1145967340957611	1145967365965995	1145967342673688
1145967348860765	1145967374446226	1145967350284072
1145967357620995	1145967382629995	1145967359009688
1145967366006303	1145967390936765	1145967367584995
1145967374645611	1145967399214842	1145967375940072
1145967382791149	1145967407535149	1145967384140765
1145967391011226	1145967415863149	1145967392616995
1145967399226226	1145967424191842	1145967400920149
1145967406685611	1145967432491765	1145967408498226
1145967415134226	1145967440801072	1145967417106611
1145967423561919	1145967449123765	1145967425755765
1145967432485688	1145967457437611	1145967433902534
1145967440565995	1145967465827149	1145967441808765
1145967448236457	1145967474060765	1145967450246919
1145967468135842	1145967482433919	1145967473021919
1145967471448457	1145967490711226	1145967474788688
1145967475749303	1145967499043842	1145967478487149
1145967480931226	1145967507353303	1145967482317072
1145967489414303	1145967515657303	1145967491521611
1145967499132688	1145967523965303	1145967500468380
1145967507269072	1145967532288072	1145967508622226
1145967515113380	1145967540621072	1145967517028380
1145967523764149	1145967549002303	1145967525306226
1145967531723842	1145967557235457	1145967533225611
1145967540229688	1145967565594226	1145967542030611
1145967548377303	1145967573866611	1145967549978534
1145967556821995	1145967582194226	1145967558968688
1145967564467534	1145967590519457	1145967566582303
1145967572784688	1145967598820995	1145967574807765
1145967583646919	1145967607239226	1145967583989303
1145967590639149	1145967615542303	1145967592369611
1145967599144688	1145967623800072	1145967600669919
1145967606696149	1145967632084688	1145967608819149
1145967615693611	1145967640412995	1145967617244995
1145967623119457	1145967648736072	1145967624776765
1145967631320765	1145967657032072	1145967633086534
1145967640238534	1145967665357380	1145967641980072
1145967650736072	1145967673680380	1145967651435842
1145967655943226	1145967682056380	1145967657498919
1145967664274534	1145967690364149	1145967666058611
1145967672571457	1145967698628765	1145967674494842
1145967681682919	1145967706957919	1145967683563149
1145967692195457	1145967715255765	1145967692373995
1145967698329072	1145967723577611	1145967699979457
1145967705975149	1145967731898226	1145967707715765
1145967714895765	1145967740206534	1145967716564457
1145967722955842	1145967748533995	1145967724774611
1145967731259457	1145967756895842	1145967733215457
1145967738888457	1145967765224765	1145967740582842
1145967747843226	1145967773488688	1145967749854534
1145967756467765	1145967781808995	1145967758097919
1145967765509688	1145967790117380	1145967767238611
1145967774379765	1145967798484072	1145967775603149
1145967781607226	1145967806765688	1145967783120688
1145967789584380	1145967815071842	1145967791560765
1145967797857919	1145967823441303	1145967799411457
1145967806193995	1145967831696149	1145967807814919
1145967814853688	1145967840055765	1145967816626534
1145967823552995	1145967848327457	1145967824866534
1145967830970226	1145967856650303	1145967832883842
1145967838879765	1145967864962534	1145967840074611
1145967847030534	1145967873278303	1145967848904995
1145967854332765	1145967881597919	1145967856547842
1145967863562842	1145967889952765	1145967865389995
1145967871543226	1145967898272995	1145967873614842
1145967879706842	1145967906593611	1145967881815149
1145967890091149	1145967914866303	1145967892066226
1145967897175457	1145967923185380	1145967899154226
1145967904886534	1145967931503226	1145967906869072
1145967915233919	1145967939836765	1145967916862303
1145967922779534	1145967948219534	1145967924193611
1145967931053919	1145967956484457	1145967932996457
1145967939670226	1145967964774842	1145967941122226
1145967947314611	1145967973094303	1145967949229380
1145967956333072	1145967981404765	1145967957792072
0	1145967989722534	1145967980112380
1145967980596995	1145967998094842	1145967981829919
1145967983632380	1145968006357380	1145967985259534
1145967988514226	1145968014672995	1145967991348995
1145967997157380	1145968022990226	1145967998697303
1145968005667226	1145968031301995	1145968007606919
1145968012772149	1145968039621995	1145968014898842
1145968022052149	1145968047945380	1145968023914226
1145968029468149	1145968056257688	1145968031505072
1145968038837995	1145968064567149	1145968040884072
1145968046486611	1145968072914226	1145968048401919
1145968054600765	1145968081279457	1145968056600380
1145968062405072	1145968089529303	1145968064629688
1145968070307534	1145968097846611	1145968072270534
1145968079355457	1145968106324149	1145968081276380
1145968088357611	1145968114501380	1145968089957611
1145968097585995	1145968122875149	1145968099234534
1145968106418919	1145968131222611	1145968107797919
1145968114203842	1145968139444688	1145968116389072
1145968121334611	1145968147753995	1145968123156072
1145968130950303	1145968156134842	1145968132909380
1145968140375765	1145968164394919	1145968141718842
1145968147740765	1145968172692688	1145968149264072
1145968155465303	1145968181012765	1145968158811765
1145968163545611	1145968189333995	1145968165492072
1145968171532072	1145968197656688	1145968173319457
1145968179315226	1145968205962534	1145968181186842
1145968187880072	1145968214377072	1145968189731149
1145968196637611	1145968222597380	1145968198297611
1145968205889919	1145968230991765	1145968207445995
1145968214452765	1145968239241303	1145968216108457
1145968222024765	1145968247549688	1145968223598842
1145968231147457	1145968255913380	1145968232480457
1145968238772765	1145968264230226	1145968240630534
1145968247368995	1145968272537919	1145968249000380
1145968255061072	1145968280824149	1145968256879149
1145968263718226	1145968289176380	1145968265746842
1145968272806919	1145968297510919	1145968274098226
1145968280107226	9223372036854775807	1145968282080149
