8333333
1146189942125393	1146189968102547	1146189944140470
1146189950820470	1146189976388470	1146189952812393
1146189960539163	1146189984692701	1146189962113316
1146189967176086	1146189993044470	1146189969554547
1146189976982009	1146190001371855	1146189978443163
1146189985429393	1146190009651163	1146189985957086
1146189992097624	1146190017974624	1146189993517316
1146189999645932	1146190026293624	1146190001588163
1146190009108163	1146190034648163	1146190011057932
1146190016685316	1146190042929701	1146190018892393
1146190025561086	1146190051370009	1146190027682932
1146190034459470	1146190059610624	1146190036825393
1146190041707239	1146190067901009	1146190043763470
1146190050555239	1146190076267778	1146190052282239
1146190058449932	1146190084534316	1146190060723855
1146190069455855	1146190092890547	1146190070855239
1146190076794932	1146190101163547	1146190078521393
1146190085009932	1146190109508393	1146190087014932
1146190092167239	1146190117808470	1146190093959778
1146190100544701	1146190126183239	1146190102434239
1146190109363778	1146190134472163	1146190111483163
1146190116541316	1146190142783778	1146190118418624
1146190125094932	1146190151047855	1146190127260393
1146190134051239	1146190159366932	1146190135851778
1146190142554316	1146190167714624	1146190144364701
1146190150220393	1146190176056393	1146190152214009
1146190158642624	1146190184317086	1146190160737701
1146190166751547	1146190192660778	1146190168731547
1146190175470855	1146190200990316	1146190177506624
1146190192630547	1146190209267163	1146190194214547
1146190195358009	1146190217614239	1146190197200470
1146190199453932	1146190225963239	1146190200914855
1146190209163239	1146190234246239	1146190210573086
1146190216518009	1146190242559778	1146190218280470
1146190225050009	1146190250858547	1146190226856778
1146190233258624	1146190259182239	1146190235061393
1146190244629009	1146190267491163	1146190245804393
1146190251685932	1146190275809316	1146190252765932
1146190259531163	1146190284153009	1146190261165086
1146190267262316	1146190292444393	1146190268982624
1146190276161393	1146190300806316	1146190277582855
1146190285239163	1146190309076701	1146190286409316
1146190292148086	1146190317410316	1146190293708163
1146190300740086	1146190325833009	1146190302186932
1146190308602624	1146190334184393	1146190310056701
1146190317486932	1146190342362855	1146190318764086
1146190326102547	1146190350752393	1146190327340163
1146190334406316	1146190358996470	1146190335649086
1146190342327163	1146190367337316	1146190344484470
1146190349575547	1146190375614316	1146190351672470
1146190358655163	1146190383943547	1146190360527855
1146190366636163	1146190392265701	1146190368799547
1146190375469932	1146190400573009	1146190377030932
1146190383400393	1146190408881624	1146190385103163
1146190392502624	1146190417279778	1146190393828701
1146190399717701	1146190425521932	1146190401423163
1146190407642624	1146190433872778	1146190409598009
1146190416756163	1146190442160393	1146190418560470
1146190424687239	1146190450475778	1146190426554855
1146190432545009	1146190458834009	1146190434561086
1146190441153086	1146190467107547	1146190443021086
1146190449903163	1146190475473701	1146190452131855
1146190458105009	1146190483745624	1146190460181624
1146190467177086	1146190492107778	1146190469059547
1146190474457316	1146190500379778	1146190476501393
1146190484151239	1146190508686624	1146190485920086
1146190492596163	1146190517143855	1146190494316393
1146190500873624	1146190525317316	1146190502500163
1146190508113701	1146190533665932	1146190510410316
1146190515947239	1146190542021701	1146190518060163
1146190525217009	1146190550367547	1146190526958316
1146190531960163	1146190558579470	1146190534167163
1146190541428393	1146190566892778	1146190543616778
1146190549492470	1146190575292701	1146190551337624
1146190557818547	1146190583554547	1146190559758547
1146190565310240	1146190591841086	1146190567344393
1146190574256701	1146190600160086	1146190576304701
1146190583374547	1146190608466624	1146190585031470
1146190590467163	1146190616841009	1146190592521393
1146190598008163	1146190625141316	1146190600390240
1146190606784778	1146190633451547	1146190608840086
1146190614637316	1146190641757086	1146190616940163
1146190623346240	1146190650168701	1146190625572778
1146190631078009	1146190658410316	1146190633359778
1146190642115547	1146190666705932	1146190644116778
1146190649655163	1146190675016701	1146190651977086
1146190657301701	1146190683326855	1146190659661086
1146190666633701	1146190691680393	1146190668526316
1146190674964163	1146190699959163	1146190676513009
1146190682809624	1146190708312470	1146190684445009
1146190702900470	1146190716641624	1146190706768470
1146190706700163	1146190724928778	1146190708548086
1146190710242316	1146190733225624	1146190711947855
1146190715522855	1146190741546932	1146190718452086
1146190724137009	1146190749899855	1146190725635240
1146190731772778	1146190758168393	1146190733522240
1146190740829932	1146190766491470	1146190742284163
1146190748446624	1146190774802240	1146190749895240
1146190755957932	1146190783161086	1146190758152163
1146190764568393	1146190791463547	1146190766782316
1146190772645009	1146190799770009	1146190774697393
1146190781356086	1146190808101393	1146190783171163
1146190793053932	1146190816392778	1146190795090240
1146190801015240	1146190824726240	1146190801766547
1146190808461009	1146190833019778	1146190809417701
1146190817009086	1146190841342547	1146190817720163
1146190823869932	1146190849666855	1146190825627855
1146190832070316	1146190857975547	1146190833941009
1146190842826009	1146190866298009	1146190843504778
1146190848668086	1146190874599855	1146190850557086
1146190857104470	1146190882921701	1146190859110932
1146190865925316	1146190891228163	1146190868286240
1146190873832470	1146190899553393	1146190875736393
1146190881476163	1146190907864701	1146190883130547
1146190888971240	1146190916191778	1146190891314624
1146190898991163	1146190924547163	1146190900962316
1146190906834009	1146190932858009	1146190909226624
1146190917477932	1146190941258316	1146190919086547
1146190923903470	1146190949480163	1146190926436393
1146190932103778	1146190957761701	1146190934195163
1146190940279547	1146190966095470	1146190942233009
1146190948405932	1146190974403240	1146190952075778
1146190956406009	1146190982720393	1146190958957932
1146190965961009	1146190991163240	1146190967650316
1146190973997086	1146190999380470	1146190975911240
1146190981443547	1146191007726009	1146190983277009
1146190988903163	9223372036854775807	1146190991102624
