8333333
1145809330395832	1145809355945371	1145809332124678
1145809339644063	1145809364279140	1145809341384986
1145809346761371	1145809372606909	1145809348838217
1145809356365371	1145809380958909	1145809357866217
1145809364373371	1145809389289294	1145809365902294
1145809382538524	1145809397640063	1145809383877678
1145809386412986	1145809406025601	1145809387661986
1145809389772986	1145809414404140	1145809390869371
1145809396196140	1145809422683140	1145809397850294
1145809405206832	1145809431042832	1145809406739755
1145809414368986	1145809439343524	1145809415837601
1145809421502217	1145809447678832	1145809423662832
1145809429761986	1145809456022601	1145809432132755
1145809439662217	1145809464360448	1145809441708140
1145809447034909	1145809472712448	1145809449141063
1145809454628678	1145809481052755	1145809456586832
1145809463082601	1145809489434524	1145809465198832
1145809472197601	1145809497730909	1145809474239832
1145809480781063	1145809506070832	1145809482378524
1145809489476371	1145809514392986	1145809491127140
1145809498082524	1145809522763832	1145809499816986
1145809506030524	1145809531090294	1145809507940448
1145809514444371	1145809539439524	1145809516322217
1145809523113294	1145809547810601	1145809524569678
1145809531082524	1145809556121371	1145809532908140
1145809538639140	1145809564460063	1145809540699524
1145809546872371	1145809572781986	1145809548704755
1145809555350832	1145809581127448	1145809557152678
1145809563863448	1145809589467217	1145809565738832
1145809572706909	1145809597812448	1145809574617678
1145809581504448	1145809606153294	1145809583001294
1145809588550909	1145809614500371	1145809590464371
1145809597781063	1145809622904448	1145809599877986
1145809605481601	1145809631198832	1145809607417909
1145809613769063	1145809639521678	1145809615785909
1145809621641063	1145809647870524	1145809623790832
1145809630252678	1145809656212755	1145809632631140
1145809639283140	1145809664577371	1145809641083217
1145809647457063	1145809672939524	1145809649754524
1145809656215832	1145809681248986	1145809658073678
1145809663252448	1145809689612755	1145809665222832
1145809672812140	1145809697922601	1145809674534217
1145809681334294	1145809706292140	1145809682492448
1145809689584371	1145809714601294	1145809690993063
1145809697686909	1145809722942294	1145809699821909
1145809706277063	1145809731273601	1145809707611140
1145809715151832	1145809739651832	1145809716461294
1145809722524371	1145809747956448	1145809724358294
1145809731068063	1145809756298524	1145809733025601
1145809738698524	1145809764665678	1145809740797601
1145809747680986	1145809772985294	1145809749340371
1145809756137371	1145809781317294	1145809757696140
1145809763977601	1145809789664371	1145809765855524
1145809772361371	1145809798011140	1145809774479524
1145809781141371	1145809806350524	1145809783185294
1145809789578909	1145809814669678	1145809791473371
1145809798904678	1145809823019755	1145809800420063
1145809807052063	1145809831454601	1145809808404755
1145809815201294	1145809839719217	1145809816923448
1145809821974832	1145809848183755	1145809823502832
1145809831613294	1145809856402525	1145809832965063
1145809839137678	1145809864717986	1145809840912986
1145809848096371	1145809873047755	1145809849808371
1145809856755525	1145809881387140	1145809858572755
1145809864662525	1145809889737678	1145809866228371
1145809880957063	1145809898071832	1145809882809601
1145809883441371	1145809906404063	1145809884442294
1145809888529371	1145809914764140	1145809890109371
1145809897726909	1145809923095217	1145809900158601
1145809906151525	1145809931423140	1145809907324140
1145809915191448	1145809939772063	1145809916903217
1145809923652755	1145809948120755	1145809924830294
1145809930018217	1145809956442601	1145809931796678
1145809938181294	1145809964798525	1145809940281986
1145809947656140	1145809973119448	1145809949225601
1145809954860678	1145809981465986	1145809956680448
1145809963129294	1145809989824448	1145809965363755
1145809971228371	1145809998136140	1145809973368678
1145809979387140	1145810006476755	1145809981676371
1145809987981986	1145810014815217	1145809990010294
1145809997663832	1145810023166832	1145809999181601
1145810004643832	1145810031562294	1145810006406217
1145810013312448	1145810039863448	1145810015132140
1145810022424986	1145810048181909	1145810024295448
1145810030338217	1145810056522832	1145810032585986
1145810038845986	1145810064879448	1145810041025909
1145810048153063	1145810073243525	1145810050353678
1145810055610832	1145810081546601	1145810057987755
1145810065636986	1145810089875832	1145810067312063
1145810073677678	1145810098217986	1145810075420986
1145810081120371	1145810106640063	1145810082937063
1145810089373371	1145810114888755	1145810091221909
1145810096829063	1145810123326525	1145810098775755
1145810104063525	1145810131622217	1145810106055217
1145810112724986	1145810139908448	1145810114805986
1145810120758832	1145810148249909	1145810123022601
1145810129075140	1145810156684986	1145810131385601
1145810137704140	1145810165063832	1145810139942601
1145810147974601	1145810173278601	1145810149237986
1145810156398294	1145810181616986	1145810158184986
1145810164738525	1145810189953294	1145810166526832
1145810173948448	1145810198310525	1145810175365986
1145810182385371	1145810206634525	1145810183641678
1145810189143832	1145810214973294	1145810191115217
1145810197007832	1145810223318601	1145810199024140
1145810205801678	1145810231831217	1145810207405063
1145810214958601	1145810239994217	1145810216809601
1145810222206294	1145810248326832	1145810223844755
1145810232339755	1145810256871140	1145810233699448
1145810240941909	1145810265013986	1145810242039525
1145810246718832	1145810273340678	1145810248726832
1145810256733294	1145810281689371	1145810257772448
1145810265131832	1145810290036448	1145810266961294
1145810272341601	1145810298365986	1145810274223525
1145810281231755	1145810306711140	1145810282802909
1145810287833063	1145810315109294	1145810289450525
1145810297702294	1145810323384678	1145810299581063
1145810305458217	1145810331733986	1145810307276063
1145810314922601	1145810340162217	1145810316662525
1145810323177371	1145810348424371	1145810324893909
1145810330923832	1145810356759217	1145810332622294
1145810340341678	1145810365162832	1145810342264140
1145810348124371	1145810373424986	1145810349935448
1145810355955832	1145810381774217	1145810357648140
1145810364834294	1145810390117678	1145810366642832
1145810383447217	1145810398503525	1145810388501986
1145810386278601	9223372036854775807	1145810390122217
