8333333
1146166478007238	1146166504044161	1146166479847853
1146166486209315	1146166512338623	1146166488227161
1146166494739238	1146166520637315	1146166496399853
1146166503983161	1146166528962007	1146166505871469
1146166512273315	1146166537268084	1146166514187853
1146166521255469	1146166545575777	1146166522932084
1146166529171546	1146166553981392	1146166531451469
1146166537113392	1146166562223238	1146166539069700
1146166543772777	1146166570525623	1146166545881930
1146166554033392	1146166578842623	1146166555918623
1146166561552161	1146166587202623	1146166564084392
1146166569257084	1146166595480777	1146166571265700
1146166577139469	1146166603823546	1146166579059546
1146166585130238	1146166612285007	1146166586936469
1146166593285700	1146166620445315	1146166595257007
1146166602507546	1146166628755853	1146166604592700
1146166611325700	1146166637210007	1146166613142623
1146166619374930	1146166645544777	1146166621511546
1146166628170238	1146166653706623	1146166630408161
1146166636812469	1146166662023469	1146166639538853
1146166644358853	1146166670400084	1146166646500469
1146166654728777	1146166678746930	1146166655197392
1146166661772777	1146166686968392	1146166663129700
1146166669731161	1146166695303161	1146166671104700
1146166676616084	1146166703598546	1146166678388161
1146166685799238	1146166711923853	1146166687425392
1146166694552392	1146166720240084	1146166696552700
1146166702765392	1146166728559469	1146166704787238
1146166710841700	1146166736898238	1146166712559546
1146166719101930	1146166745187777	1146166720890930
1146166728166238	1146166753508777	1146166729755161
1146166736327777	1146166761848469	1146166738171161
1146166743309007	1146166770189700	1146166745052084
1146166752324161	1146166778461700	1146166753834546
1146166761086930	1146166786785315	1146166762901930
1146166769285007	1146166795113930	1146166771081623
1146166779640777	1146166803426546	1146166779789930
1146166786713007	1146166811744084	1146166788137930
1146166795010546	1146166820071238	1146166796252161
1146166804688161	1146166828388161	1146166805687238
1146166812294853	1146166836829315	1146166813662623
1146166820383546	1146166845040392	1146166821745315
1146166827053315	1146166853387161	1146166828349315
1146166836834007	1146166861674930	1146166838309392
0	1146166870000700	1146166860339546
1146166857078930	1146166878313392	1146166863687238
1146166862266007	1146166886646238	1146166865386930
1146166868570007	1146166894985007	1146166870595469
1146166876803546	1146166903296700	1146166878665084
1146166884785623	1146166911607161	1146166887060777
1146166894739853	1146166919937700	1146166896108084
1146166902965007	1146166928251161	1146166905294930
1146166909854546	1146166936586623	1146166912145930
1146166919454930	1146166944896469	1146166921307161
1146166927844469	1146166953213084	1146166929666238
1146166936426546	1146166961524700	1146166938913700
1146166944443469	1146166969861930	1146166946283546
1146166951907238	1146166978205007	1146166953871161
1146166961244084	1146166986512700	1146166963450546
1146166969544084	1146166994840777	1146166971641623
1146166976641392	1146167003123853	1146166978492392
1146166985832700	1146167011423546	1146166987620700
1146166993255469	1146167019750315	1146166995367161
1146167001959469	1146167028180392	1146167003928161
1146167010793700	1146167036419853	1146167012951469
1146167018936392	1146167044790930	1146167021431238
1146167030128700	1146167053013007	1146167031931469
1146167034870930	1146167061359853	1146167036342315
1146167044624161	1146167069640469	1146167046573392
1146167052808469	1146167077962930	1146167054817084
1146167060871853	1146167086288777	1146167062736161
1146167068285007	1146167094597930	1146167070349315
1146167076267853	1146167102909392	1146167078349315
1146167084561623	1146167111238930	1146167086666930
1146167092836700	1146167119541930	1146167095073315
1146167100897007	1146167127878623	1146167103152700
1146167109658623	1146167136204700	1146167111731853
1146167117951777	1146167144507777	1146167120127546
1146167125947853	1146167152818623	1146167128279161
1146167136434007	1146167161142853	1146167138277623
1146167144760392	1146167169455161	1146167145761700
1146167152825623	1146167177771546	1146167154891546
1146167162810315	1146167186087469	1146167164622546
1146167167758315	1146167194460700	1146167169911546
1146167176432469	1146167202719161	1146167178447238
1146167185357007	1146167211036469	1146167187055238
1146167193487161	1146167219354238	1146167195356777
1146167201408700	1146167227667546	1146167203129084
1146167209951546	1146167236053930	1146167212136084
1146167218294623	1146167244348700	1146167220251469
1146167226910238	1146167252620161	1146167228890315
1146167235563546	1146167260936469	1146167237061930
1146167243750930	1146167269253007	1146167245130546
1146167251398546	1146167277571853	1146167252915546
1146167259347469	1146167285887161	1146167261262853
1146167267848700	1146167294233392	1146167269813315
1146167275479546	1146167302527854	1146167277714853
1146167284866623	1146167310844700	1146167286579469
1146167292945007	1146167319160161	1146167294914315
1146167303023238	1146167327631469	1146167304549700
1146167310123546	1146167335795777	1146167311623777
1146167320634623	1146167344108777	1146167321980700
1146167327082238	1146167352434623	1146167328246546
1146167335153930	1146167360757315	1146167336939854
1146167343642007	1146167369180700	1146167345400084
0	1146167377380777	1146167366623546
1146167363707238	1146167385731238	1146167368489392
1146167368738623	1146167394006315	1146167370224469
1146167376704161	1146167402362546	1146167378661700
1146167384950007	1146167410644700	1146167386665084
1146167392538623	1146167418962546	1146167394473623
1146167401498623	1146167427286238	1146167403174854
1146167409350854	1146167435645315	1146167411320392
1146167417973084	1146167443927161	1146167419569007
1146167426328469	1146167452239238	1146167428411777
1146167435633392	1146167460625623	1146167437546238
1146167444491546	1146167468918007	1146167445294238
1146167452588161	1146167477189392	1146167453320469
1146167460287469	1146167485502854	1146167462054007
1146167468519546	1146167493821623	1146167469913084
1146167476872777	1146167502239777	1146167478520084
1146167484709930	1146167510450238	1146167486471854
1146167493248777	1146167518768392	1146167495026238
1146167502206238	1146167527096084	1146167503213700
1146167510122007	1146167535442854	1146167511906930
1146167518220161	1146167543806623	1146167520162315
1146167525354623	9223372036854775807	1146167527459161
