8333333
1146131445719236	1146131470870313	1146131447182544
1146131452917313	1146131479533698	1146131454480082
1146131462002851	1146131487514005	1146131463557698
1146131469511774	1146131495843236	1146131471249928
1146131477960698	1146131504146005	1146131479833621
1146131488319851	1146131512465698	1146131489388390
1146131496623236	1146131520780390	1146131498099851
1146131503802236	1146131529086851	1146131505024082
1146131512237082	1146131537441621	1146131514069005
1146131519629698	1146131545769082	1146131521606313
1146131529285005	1146131554041082	1146131530985313
1146131536564467	1146131562437621	1146131538495467
1146131545506005	1146131570689082	1146131547310005
1146131553816467	1146131579000774	1146131555473313
1146131562010236	1146131587326851	1146131563881390
1146131570794005	1146131595638236	1146131572442313
1146131578654313	1146131603953005	1146131580340774
1146131586045082	1146131612280698	1146131588118621
1146131594348390	1146131620577928	1146131596318544
1146131603733698	1146131628947851	1146131605328467
1146131613423467	1146131637220082	1146131614879467
1146131620478544	1146131645523774	1146131621962928
1146131628269082	1146131653864774	1146131630178621
1146131637334544	1146131662159544	1146131639397621
1146131645063236	1146131670515544	1146131647431544
1146131652607236	1146131678823236	1146131654656467
1146131662074005	1146131687114621	1146131663585390
1146131670750544	1146131695424698	1146131672291851
1146131677267774	1146131703747774	1146131679353082
1146131687107774	1146131712085928	1146131689064159
1146131694362851	1146131720404774	1146131696167159
1146131703492159	1146131728731851	1146131705192390
1146131712126544	1146131737015236	1146131713782236
1146131720532467	1146131745357698	1146131722116082
1146131728327159	1146131753653621	1146131729960698
1146131735929082	1146131761963467	1146131737637313
1146131745552082	1146131770285928	1146131747254313
1146131753253390	1146131778607774	1146131754961390
1146131762030621	1146131786918313	1146131763884390
1146131770267467	1146131795237082	1146131771657621
1146131778251544	1146131803731774	1146131780066621
1146131786003544	1146131811875467	1146131787668082
1146131794430621	1146131820193313	1146131796565005
1146131803007544	1146131828513928	1146131804777698
1146131811334851	1146131836884159	1146131813356774
1146131819361390	1146131845148390	1146131821051467
1146131828386236	1146131853461082	1146131829907851
1146131845773928	1146131861799159	1146131848591774
1146131847637082	1146131870090005	1146131850373082
1146131852551544	1146131878444159	1146131854769005
1146131861546928	1146131886725313	1146131863545005
1146131868882851	1146131895057621	1146131870976390
1146131878386005	1146131903354928	1146131879794544
1146131887195774	1146131911708774	1146131889128698
1146131894313313	1146131920074621	1146131896182621
1146131901927159	1146131928315467	1146131903725390
1146131912808698	1146131936650005	1146131914310928
1146131919958236	1146131944955467	1146131921682005
1146131929184082	1146131953267236	1146131929971544
1146131935624467	1146131961590236	1146131937409698
1146131944294544	1146131969908390	1146131946319774
1146131953069005	1146131978212082	1146131954572159
1146131960984467	1146131986536467	1146131962942005
1146131969754621	1146131994849005	1146131971921621
1146131976753928	1146132003204698	1146131978853390
1146131987143544	1146132011552774	1146131988444467
1146131994668390	1146132019802851	1146131996289005
1146132002407851	1146132028110851	1146132003705005
1146132010890544	1146132036432774	1146132012249698
1146132019243236	1146132044745390	1146132020860698
1146132027417390	1146132053065928	1146132029498621
1146132035587851	1146132061399236	1146132037773313
1146132044835544	1146132069711159	1146132046018621
1146132052080467	1146132078032159	1146132054075236
1146132060450313	1146132086336082	1146132062029698
1146132068867774	1146132094671467	1146132070457698
1146132077207159	1146132102976467	1146132078487159
1146132086124467	1146132111310851	1146132087706544
1146132094027467	1146132119614621	1146132095887774
1146132102719467	1146132127923236	1146132103806621
1146132111531851	1146132136269621	1146132112677082
1146132117373082	1146132144555774	1146132119354544
1146132126027851	1146132152946851	1146132127739467
1146132134493928	1146132161267159	1146132136558544
1146132142682544	1146132169717313	1146132144857698
1146132152728698	1146132177835236	1146132154643467
1146132160117005	1146132186149313	1146132162166621
1146132169063159	1146132194473621	1146132171235467
1146132177922544	1146132202791544	1146132180180467
1146132188948774	1146132211104774	1146132190552698
1146132194277082	1146132219428698	1146132196115851
1146132201663159	1146132227827544	1146132203593005
1146132211484774	1146132236099544	1146132213113698
1146132218331159	1146132244369313	1146132220310544
1146132228582928	1146132252697005	1146132230166005
1146132235165313	1146132261011851	1146132237049005
1146132242661928	1146132269318313	1146132244861698
1146132253024082	1146132277631236	1146132254447236
1146132258918928	1146132285950005	1146132261161698
1146132267448159	1146132294266544	1146132269473005
1146132275344082	1146132302592467	1146132277601928
1146132283487851	1146132310958928	1146132285585082
1146132292132774	1146132319233313	1146132294209082
1146132302501698	1146132327587774	1146132304143774
1146132310252698	1146132335861082	1146132311996698
1146132317963851	1146132344180159	1146132319899851
1146132327528390	1146132352581621	1146132329036082
1146132334994236	1146132360915774	1146132337201082
1146132353528698	1146132369184774	1146132358271159
1146132355702005	1146132377458236	1146132360235851
1146132360964698	1146132385764390	1146132364140698
1146132368120159	1146132394092082	1146132370630928
1146132376855851	1146132402411774	1146132378831851
1146132383914621	1146132410735774	1146132386058313
1146132397298928	1146132419038851	1146132398720467
1146132402553390	1146132427370236	1146132403210851
1146132410350313	1146132435695467	1146132411764159
1146132417776159	1146132444008698	1146132419564159
1146132426722851	1146132452323775	1146132428415851
1146132435661621	1146132460651544	1146132437342851
1146132444284774	1146132468986851	1146132445858544
1146132451927236	1146132477361005	1146132453569928
1146132459612775	1146132485658621	1146132461374928
1146132469547775	1146132493945698	1146132471352467
1146132476504082	1146132502265082	1146132478309313
1146132485917698	1146132510704159	1146132487574851
1146132494651775	9223372036854775807	1146132496091236
