8333333
1146096103270542	1146096129260157	1146096105334003
1146096113167542	1146096137565311	1146096114503542
1146096120162926	1146096145898234	1146096121798003
1146096127980080	1146096154210542	1146096129650542
1146096136671234	1146096162592080	1146096138134542
1146096144754003	1146096170841926	1146096146868465
1146096153524695	1146096179160388	1146096155776157
1146096162839849	1146096187503234	1146096164409926
1146096170091234	1146096195784388	1146096171985003
1146096177875849	1146096204160465	1146096179518618
1146096187319542	1146096212410926	1146096188742542
1146096194821080	1146096220740465	1146096196594926
1146096205121080	1146096229109388	1146096205532465
1146096211981388	1146096237406003	1146096213733080
1146096219482618	1146096245685926	1146096221559849
1146096228344772	1146096254035465	1146096229979772
1146096237033311	1146096262424080	1146096238447772
1146096246069003	1146096270642926	1146096247803465
1146096252740388	1146096278949003	1146096254685311
1146096261499772	1146096287264695	1146096263488157
1146096270368465	1146096295577926	1146096271874003
1146096278623234	1146096304034311	1146096280482311
1146096286235542	1146096312218618	1146096288123542
1146096294666311	1146096320537311	1146096296746618
1146096304694926	1146096328850542	1146096305898618
1146096312326542	1146096337162619	1146096313879234
1146096328249080	1146096345498311	1146096329402542
1146096332373003	1146096353809619	1146096333510234
1146096335694926	1146096362126926	1146096337050542
1146096343974619	1146096370436465	1146096345963234
1146096353275465	1146096378853080	1146096355152465
1146096360971234	1146096387083542	1146096362919465
1146096369141619	1146096395395772	1146096371096080
1146096378935157	1146096403718849	1146096380342619
1146096386435849	1146096412024157	1146096388298311
1146096394198311	1146096420345695	1146096396402003
1146096403584388	1146096428663465	1146096404986311
1146096411850003	1146096436978311	1146096413312695
1146096419485311	1146096445309311	1146096420995849
1146096428196157	1146096453624695	1146096429869695
1146096436255849	1146096461930003	1146096438014926
1146096445079849	1146096470240772	1146096447215849
1146096452439772	1146096478569080	1146096454312695
1146096462020465	1146096486878619	1146096463756772
1146096469511465	1146096495194849	1146096471454311
1146096478045388	1146096503517080	1146096479643465
1146096486546542	1146096511845003	1146096488296465
1146096495562542	1146096520176772	1146096497026311
1146096502440157	1146096528462926	1146096504518234
1146096514742003	1146096536782234	1146096516589619
1146096518866542	1146096545098619	1146096520059465
1146096528183465	1146096553421619	1146096529616080
1146096536835465	1146096561733080	1146096538224157
1146096545257695	1146096570109311	1146096546475772
1146096552754311	1146096578364157	1146096554347542
1146096560423465	1146096586680695	1146096562403465
1146096570040772	1146096595011542	1146096571616388
1146096577817003	1146096603329080	1146096579196465
1146096586505003	1146096611647465	1146096588118234
1146096594017080	1146096619936157	1146096595710619
1146096602469926	1146096628323157	1146096604299542
1146096610687234	1146096636579157	1146096612434926
1146096618561619	1146096644957003	1146096620442311
1146096629946311	1146096653217003	1146096630593388
1146096636982542	1146096661542849	1146096638601311
1146096645735542	1146096669858542	1146096647293695
1146096652426311	1146096678168465	1146096654042926
1146096660998849	1146096686487157	1146096662212080
1146096669835849	1146096694807234	1146096671260157
1146096677277926	1146096703115542	1146096679025311
1146096685671465	1146096711497080	1146096687246311
1146096694942003	1146096719747772	1146096696556465
1146096703538003	1146096728064465	1146096705155234
1146096711663542	1146096736390003	1146096713024157
1146096718290003	1146096744715157	1146096720254619
1146096727074311	1146096753025003	1146096728734926
1146096734535157	1146096761483157	1146096736600157
1146096742549926	1146096769698849	1146096744723234
1146096751024388	1146096777977003	1146096753262311
1146096759050542	1146096786285080	1146096761182003
1146096768280695	1146096794612388	1146096769932388
1146096776942311	1146096802947157	1146096778446003
1146096786412388	1146096811231465	1146096788149311
1146096795361311	1146096819548080	1146096796812465
1146096803613695	1146096827869619	1146096805162234
1146096812274619	1146096836204080	1146096813603849
1146096818548772	1146096844528080	1146096820458234
1146096836972157	1146096852839849	1146096838781695
1146096839591849	1146096861143157	1146096842259465
1146096842900157	1146096869471234	1146096844377926
1146096854101926	1146096877840772	1146096853625926
1146096859963465	1146096886109695	1146096862090003
1146096867887157	1146096894439234	1146096869925926
1146096876847157	1146096902746849	1146096878423542
1146096883609080	1146096911100465	1146096885762542
1146096892250849	1146096919388080	1146096894564080
1146096900391234	1146096927716772	1146096902614003
1146096908813619	1146096936144772	1146096910954542
1146096918324695	1146096944345080	1146096919949388
1146096927904080	1146096952754003	1146096929339849
1146096935994849	1146096961069388	1146096937477080
1146096944558849	1146096969313311	1146096946065619
1146096952086619	1146096977833080	1146096953702619
1146096961444080	1146096985965003	1146096962343465
1146096968428695	1146096994279772	1146096970331234
1146096977150619	1146097002599849	1146096979326849
1146096985112772	1146097010911157	1146096987285926
1146096994733619	1146097019232695	1146096996227542
1146097002659465	1146097027602849	1146097004069003
1146097010686619	1146097035902619	1146097012526311
1146097018567542	1146097044203772	1146097020377619
1146097027228080	1146097052524465	1146097029073388
1146097033826619	1146097060846926	1146097035756157
1146097043239772	1146097069188080	1146097044925926
1146097051568695	1146097077696080	1146097053370926
1146097059682003	1146097085815234	1146097061591542
1146097068939157	1146097094140772	1146097071005080
1146097077170542	1146097102458849	1146097079205926
1146097084848080	1146097110815157	1146097086088772
1146097095544157	1146097119123234	1146097096427849
1146097102011157	1146097127414311	1146097103449695
1146097110515465	1146097135735157	1146097112086003
1146097118644695	1146097144145311	1146097120330619
1146097126399542	1146097152379465	1146097128156388
1146097135661080	1146097160735234	1146097137213003
1146097143938619	1146097169012157	1146097145388772
1146097151393619	9223372036854775807	1146097153319465
