8333333
1145914554656377	1145914580455223	1145914557008685
1145914563273377	1145914588789915	1145914565904146
1145914573269685	1145914597094223	1145914574751531
1145914580740146	1145914605475454	1145914583116069
1145914588583454	1145914613737992	1145914590761069
1145914596373300	1145914622053685	1145914598481685
1145914604173069	1145914630392685	1145914606535838
1145914612811146	1145914638749685	1145914615800377
1145914622223762	1145914647055762	1145914623874300
1145914630439838	1145914655323838	1145914632329377
1145914637648069	1145914663737915	1145914639753992
1145914646136454	1145914671950915	1145914648332146
1145914654683762	1145914680265685	1145914656787146
1145914664551454	1145914688582300	1145914665592454
1145914671691454	1145914696969992	1145914673440377
1145914679483454	1145914705241300	1145914681402838
1145914698772685	1145914713586531	1145914704317992
1145914701507223	1145914721853377	1145914705885685
1145914706769915	1145914730178300	1145914709889300
1145914714577300	1145914738648685	1145914716582838
1145914721482531	1145914746816454	1145914723053300
1145914729290300	1145914755134608	1145914731180146
1145914737662223	1145914763620762	1145914739639223
1145914746024685	1145914771776762	1145914748057992
1145914754127454	1145914780137685	1145914756122915
1145914762502915	1145914788407762	1145914764736146
1145914771238223	1145914796731762	1145914773332146
1145914779746300	1145914805239454	1145914781560377
1145914787421992	1145914813452762	1145914789326915
1145914796342300	1145914821826223	1145914798695223
1145914804597300	1145914830001377	1145914806498531
1145914812404454	1145914838317915	1145914814472685
1145914820796762	1145914846635762	1145914822742531
1145914829075454	1145914854958608	1145914831238608
1145914839008685	1145914863297377	1145914840332685
1145914847021685	1145914871596454	1145914849141300
1145914853927531	1145914879901069	1145914856149608
1145914862418838	1145914888280454	1145914864422915
1145914870842300	1145914896605992	1145914873087223
1145914877606915	1145914904933608	1145914879887762
1145914886483531	1145914913179762	1145914888289992
1145914894172762	1145914921498915	1145914896084762
1145914901835223	1145914929806838	1145914904346838
1145914911099454	1145914938300685	1145914913645377
1145914919457685	1145914946457992	1145914921837685
1145914927940762	1145914954788685	1145914930084454
1145914936939531	1145914963083838	1145914939204146
1145914947031223	1145914971406608	1145914949032454
1145914954773377	1145914979728377	1145914956610531
1145914962481300	1145914988079762	1145914964644762
1145914970187454	1145914996359454	1145914972240454
1145914980084762	1145915004702531	1145914981941992
1145914989705377	1145915012993915	1145914989580992
1145914995159838	1145915021337377	1145914997189915
1145915003433069	1145915029644146	1145915005669377
1145915015899146	1145915037945685	1145915017878223
1145915020705300	1145915046391838	1145915022964146
1145915030252992	1145915054599454	1145915032049992
1145915037138608	1145915063043762	1145915039290531
1145915045313992	1145915071235146	1145915047453300
1145915053980069	1145915079564069	1145915056550223
1145915061571762	1145915087905992	1145915063679146
1145915070135531	1145915096176454	1145915072458915
1145915078190531	1145915104493069	1145915080723531
1145915087180146	1145915112817915	1145915089363223
1145915096215838	1145915121164992	1145915098618300
1145915104298300	1145915129450223	1145915106215223
1145915111448685	1145915137819838	1145915113628146
1145915120732377	1145915146096377	1145915123112146
1145915128733915	1145915154422608	1145915131393915
1145915137073069	1145915162780762	1145915139565377
1145915145848069	1145915171037300	1145915148321685
1145915153046915	1145915179365608	1145915155259838
1145915161537377	1145915187761685	1145915163633915
1145915169863223	1145915196001685	1145915172068377
1145915180227531	1145915204293685	1145915182361915
1145915187351146	1145915212648762	1145915189094838
1145915203142531	1145915220944377	1145915207444146
1145915205430531	1145915229253300	1145915209131531
1145915210116685	1145915237564146	1145915212534223
1145915220054300	1145915245898915	1145915222354915
1145915225961608	1145915254205992	1145915228290838
1145915234274915	1145915262530608	1145915236152146
1145915242729915	1145915270840685	1145915245001685
1145915252633992	1145915279181915	1145915254602838
1145915262061685	1145915287495223	1145915263640762
1145915269453069	1145915295845685	1145915271347223
1145915279984146	1145915304114223	1145915281210300
1145915286760069	1145915312488069	1145915288498531
1145915295932069	1145915320751223	1145915297319454
1145915304268377	1145915329073300	1145915305899146
1145915311229069	1145915337386838	1145915312953377
1145915319135762	1145915345705377	1145915321027454
1145915328378300	1145915354022838	1145915330248454
1145915336361608	1145915362334838	1145915338197685
1145915346211146	1145915370660454	1145915347705300
1145915352541915	1145915379054608	1145915354321685
1145915360774300	1145915387285608	1145915362669685
1145915368465377	1145915395712377	1145915370543838
1145915376644762	1145915404132685	1145915378795454
1145915384480377	1145915412245608	1145915386712992
1145915395695146	1145915420563223	1145915397272685
1145915403816069	1145915428893377	1145915405524146
1145915410807531	1145915437258531	1145915412479223
1145915419064454	1145915445524069	1145915420765300
1145915427633685	1145915453843454	1145915429512377
1145915437202300	1145915462168454	1145915438817608
1145915444299838	1145915470504146	1145915446033069
1145915453582531	1145915478797992	1145915455162608
1145915461639531	1145915487124992	1145915463521377
1145915470236685	1145915495445685	1145915472334300
1145915477376685	1145915503759762	1145915479595838
1145915485568685	1145915512094608	1145915487591146
1145915494181069	1145915520389069	1145915496343146
1145915502038300	1145915528893608	1145915503780146
1145915511184454	1145915537031146	1145915512864377
1145915519646531	1145915545341685	1145915521773300
1145915528080454	1145915553666531	1145915530212992
1145915536417915	1145915562063223	1145915538354838
1145915546008377	1145915570299223	1145915547266838
1145915554355223	1145915578610915	1145915555507531
1145915564110915	1145915586977685	1145915564458223
1145915569934915	1145915595245069	1145915571632146
1145915577379531	1145915603584069	1145915579341069
1145915586364069	1145915611882223	1145915588739838
1145915594050915	9223372036854775807	1145915595972069
1145915604222531	9223372036854775807	1145915605138223
