8333333
1146242655740089	1146242682026243	1146242657717935
1146242664213089	1146242690460089	1146242666146012
1146242673829935	1146242698650243	1146242675610243
1146242682374858	1146242706970243	1146242683835166
1146242690743858	1146242715276166	1146242692065396
1146242699036473	1146242723616089	1146242700537012
1146242706748166	1146242731962550	1146242708397089
1146242714599781	1146242740296166	1146242716269627
1146242723508781	1146242748622858	1146242725238858
1146242731761935	1146242756896704	1146242733490550
1146242739875243	1146242765198320	1146242741849935
1146242747746012	1146242773504396	1146242749584089
1146242756793396	1146242781847473	1146242758105320
1146242765218012	1146242790135550	1146242766563858
1146242774505627	1146242798447166	1146242775528396
1146242781643858	1146242806776396	1146242782470243
1146242789212089	1146242815159166	1146242791252396
1146242798491858	1146242823637320	1146242800448781
1146242806615166	1146242831723550	1146242808260473
1146242814811858	1146242840142320	1146242816473627
1146242822126935	1146242848378320	1146242824145012
1146242830927243	1146242856674550	1146242833041089
1146242839526012	1146242865004396	1146242840920166
1146242851306935	1146242873319858	1146242852729396
1146242855711550	1146242881638935	1146242858561320
1146242865366627	1146242889950935	1146242867032781
1146242872417935	1146242898291243	1146242873952473
1146242881007550	1146242906578935	1146242882660166
1146242888922550	1146242914901396	1146242890632473
1146242898332166	1146242923214012	1146242900454550
1146242905575166	1146242931546320	1146242907554627
1146242913878243	1146242939853012	1146242915809396
1146242922151243	1146242948168166	1146242924078243
1146242931110243	1146242956573935	1146242932852089
1146242939075781	1146242964842858	1146242941151166
0	1146242973201320	1146242963415550
1146242961671781	1146242981451473	1146242966789935
1146242966086550	1146242989769012	1146242968268473
1146242971845396	1146242998179781	1146242975016396
1146242980516704	1146243006386627	1146242982638320
1146242989054550	1146243014837704	1146242991350243
1146242997512089	1146243023030858	1146242999308166
1146243005660089	1146243031361935	1146243007831550
1146243014178550	1146243039666243	1146243015928473
1146243023523858	1146243047976781	1146243024988166
1146243030380166	1146243056296089	1146243032258012
1146243038187781	1146243064628781	1146243040245396
1146243046710858	1146243072930320	1146243048785704
1146243055487166	1146243081324396	1146243057596473
1146243063934243	1146243089574243	1146243066109627
1146243071218320	1146243097881627	1146243073151858
1146243079965089	1146243106236473	1146243081940473
1146243088367858	1146243114561089	1146243090178935
1146243097118243	1146243122836473	1146243098977012
1146243104646320	1146243131213320	1146243107272166
1146243114057935	1146243139625627	1146243115923550
1146243122236473	1146243147874935	1146243124297320
1146243129901012	1146243156117627	1146243131879550
1146243138953935	1146243164437704	1146243140522627
1146243147701012	1146243172982550	1146243149968166
1146243156235473	1146243181074320	1146243157793012
1146243163231858	1146243189389396	1146243165053320
1146243173027858	1146243197703781	1146243174481627
1146243180902550	1146243206025396	1146243182358858
1146243189107166	1146243214338858	1146243190793396
1146243196693089	1146243222663473	1146243198545627
1146243206589627	1146243230976166	1146243207502012
1146243213481704	1146243239487858	1146243215078012
1146243222557396	1146243247613012	1146243224077627
1146243230771550	1146243255929396	1146243232237704
1146243239458320	1146243264242012	1146243240903781
1146243247374243	1146243272570550	1146243249421935
1146243255485627	1146243280872704	1146243257262627
1146243263170012	1146243289198320	1146243265073396
1146243271594935	1146243297515473	1146243273109627
1146243279388166	1146243305822012	1146243281330858
1146243287376089	1146243314158935	1146243289578858
1146243295391166	1146243322473396	1146243297396473
1146243303685627	1146243330787243	1146243305812781
1146243311923243	1146243339109704	1146243314019858
1146243322128396	1146243347425320	1146243323802012
1146243330496473	1146243355734550	1146243332674012
1146243338405320	1146243364107473	1146243340230627
1146243346805627	1146243372381320	1146243348889012
1146243355669012	1146243380710858	1146243357796089
1146243363321627	1146243389019781	1146243365473089
1146243372232473	1146243397323858	1146243374487243
1146243380331166	1146243405639858	1146243382512781
1146243389037320	1146243414100089	1146243390463858
1146243397528704	1146243422292704	1146243399286320
1146243405145089	1146243430582320	1146243407114627
1146243412710627	1146243438905627	1146243414644396
1146243421084704	1146243447248704	1146243423011858
1146243428825627	1146243455550627	1146243430553396
1146243437122627	1146243463854012	1146243439106550
1146243445422012	1146243472269012	1146243447603243
1146243462773089	1146243480494243	1146243468080397
1146243463854012	1146243489041627	1146243469679473
1146243469919243	1146243497406627	1146243471503473
1146243478909012	1146243505448166	1146243481094012
1146243488696704	1146243513757320	1146243490163243
1146243496083243	1146243522083243	1146243497769627
1146243504083166	1146243530454935	1146243506043550
1146243512262627	1146243538716704	1146243514225012
1146243522252473	1146243547033089	1146243524078550
1146243530719858	1146243555358243	1146243532821627
1146243538384089	1146243563667858	1146243540094243
1146243546650243	1146243571980473	1146243547889012
1146243554421627	1146243580366627	1146243556039243
1146243562624089	1146243588620704	1146243564289012
1146243570091166	1146243596935243	1146243572171781
1146243578061012	1146243605306858	1146243580170627
1146243587828397	1146243613574627	1146243589799781
1146243595564781	1146243621888089	1146243597400704
1146243603975858	1146243630217012	1146243605851858
1146243613120089	1146243638524166	1146243615118858
1146243620581397	1146243646851473	1146243622277089
1146243629261012	1146243655167781	1146243630765089
1146243637655166	1146243663474550	1146243639440781
1146243646717704	1146243671801012	1146243648414243
1146243654465704	1146243680114243	1146243656393397
1146243663138935	1146243688428397	1146243665017089
1146243670681627	1146243696778935	1146243672328473
1146243679418935	1146243705069320	1146243680988166
1146243687372089	1146243713634320	1146243689239781
1146243696945320	1146243721703781	1146243698674858
1146243706376089	9223372036854775807	1146243707347166
