8333333
1146154767725930	1146154792873699	1146154769149930
1146154775848391	1146154801179853	1146154777722314
1146154783147468	1146154809500160	1146154785117084
1146154793529391	1146154817828084	1146154794124776
1146154800879160	1146154826182007	1146154802748776
1146154810205314	1146154834461314	1146154811517699
1146154817091237	1146154842798314	1146154819092084
1146154825974237	1146154851097314	1146154828392468
1146154833242622	1146154859410237	1146154834972084
1146154841519160	1146154867739468	1146154843471853
1146154850332084	1146154876275160	1146154852316699
1146154859101084	1146154884373699	1146154860671545
1146154866961622	1146154892811160	1146154869082545
1146154875410622	1146154901078622	1146154877367853
1146154883772468	1146154909329622	1146154885791468
1146154893003237	1146154917629007	1146154894290007
1146154900894314	1146154925949930	1146154903192699
1146154909750545	1146154934258622	1146154911470314
1146154916407853	1146154942591468	1146154918634314
1146154925405391	1146154950911160	1146154927416699
1146154932725084	1146154959242930	1146154934810007
1146154941766007	1146154967560391	1146154943937391
1146154951847853	1146154975849622	1146154953890853
1146154959336776	1146154984205084	1146154961133699
1146154966519160	1146154992485314	1146154968308468
1146154975409930	1146155000800776	1146154977644160
1146154983113699	1146155009117930	1146154985010314
1146154991443776	1146155017454545	1146154993284084
1146155000652391	1146155025769314	1146155002773391
1146155010372468	1146155034081699	1146155011710853
1146155016139853	1146155042396468	1146155018086545
1146155024407237	1146155050723237	1146155026368468
1146155032730007	1146155059069391	1146155034637084
1146155041982853	1146155067349007	1146155043916391
1146155050532391	1146155075672776	1146155052379853
1146155059181391	1146155084023160	1146155061183160
1146155066139853	1146155092301699	1146155068119237
1146155075777007	1146155100625930	1146155077521699
1146155083477391	1146155109105391	1146155085197622
1146155091758853	1146155117261622	1146155093723853
1146155099888776	1146155125769007	1146155101797314
1146155108100391	1146155133900776	1146155110143160
1146155117039545	1146155142205007	1146155119252084
1146155124984160	1146155150593622	1146155126785314
1146155133603853	1146155158881930	1146155135658237
1146155141642007	1146155167163545	1146155143570622
1146155150060468	1146155175481084	1146155152086007
1146155158317699	1146155183805930	1146155160225084
1146155165731545	1146155192119468	1146155167642622
0	1146155200566237	1146155189205930
1146155187565084	1146155208749622	1146155190980084
1146155191654314	1146155217077084	1146155192837622
1146155200457391	1146155225549391	1146155202078237
1146155207950930	1146155233717622	1146155209999237
1146155216194007	1146155242014622	1146155217840776
1146155224604084	1146155250369084	1146155226467545
1146155234231237	1146155258662545	1146155236118622
1146155240327776	1146155267025699	1146155242303776
1146155250216776	1146155275302545	1146155252182237
1146155258101930	1146155283615468	1146155259912391
1146155267088391	1146155291962007	1146155268726930
1146155274361699	1146155300251545	1146155276340468
1146155283354007	1146155308902007	1146155284919237
1146155291467468	1146155316918930	1146155293225314
1146155300517084	1146155325206314	1146155302448160
1146155308807853	1146155333534622	1146155310868468
1146155317218007	1146155341850237	1146155318865084
1146155325143545	1146155350170545	1146155326789699
1146155332324468	1146155358466930	1146155334247776
1146155343662007	1146155366778853	1146155344203468
1146155350802314	1146155375164776	1146155352589007
1146155358077622	1146155383421084	1146155359636468
1146155365603237	1146155391734930	1146155367468776
1146155374635160	1146155400112776	1146155376537007
1146155382431468	1146155408370007	1146155384111545
1146155394133930	1146155416689314	1146155395380468
1146155398869391	1146155425015545	1146155400728468
1146155407513930	1146155433327545	1146155409313084
1146155415735468	1146155441653314	1146155417622314
1146155425165007	1146155449953930	1146155425746930
1146155431438930	1146155458405007	1146155433238237
1146155439712776	1146155466598622	1146155441876160
1146155447885007	1146155474922314	1146155450097007
1146155455716699	1146155483251160	1146155457973699
1146155466067545	1146155491553930	1146155466734930
1146155473711776	1146155499925699	1146155475588699
1146155482474930	1146155508196160	1146155484509699
1146155492391776	1146155516507776	1146155493600160
1146155499555160	1146155524825930	1146155501156084
1146155507626853	1146155533161084	1146155509501314
1146155516795468	1146155541464391	1146155518033007
1146155523707776	1146155549808391	1146155525468391
1146155532799237	1146155558095160	1146155534159853
1146155541308391	1146155566402007	1146155543329699
1146155548552084	1146155574782545	1146155550446314
1146155556542314	1146155583049084	1146155558449007
1146155564333007	1146155591350237	1146155565987776
1146155573014853	1146155599669084	1146155574867545
1146155581200160	1146155607986314	1146155582964699
1146155589405699	1146155616421084	1146155591241314
1146155597224776	1146155624663468	1146155599148468
1146155605908084	1146155632941930	1146155607963776
1146155613911853	1146155641262237	1146155616093930
1146155623244391	1146155649594237	1146155625208084
1146155632271853	1146155657900084	1146155633821084
1146155641623853	1146155666216391	1146155643188699
1146155649177007	1146155674530237	1146155650878237
1146155657148160	1146155682849699	1146155658534622
1146155664815545	1146155691162237	1146155666509084
1146155673479853	1146155699510622	1146155675171468
0	1146155707803237	1146155698287468
1146155696918237	1146155716136161	1146155700173699
1146155700875776	1146155724432776	1146155701749699
1146155705594314	1146155732755776	1146155707998545
1146155714666622	1146155741067545	1146155716518545
1146155723526853	1146155749394007	1146155724905007
1146155731562314	1146155757702237	1146155733356391
1146155739762545	1146155766081930	1146155741499776
1146155749190853	1146155774346853	1146155750736161
1146155758150930	1146155782661314	1146155759631468
1146155765199161	1146155790969007	1146155767240468
1146155773816468	1146155799301084	1146155775629699
1146155781682930	1146155807601314	1146155783678930
1146155791377622	1146155815921391	1146155792981391
1146155799143161	1146155824249084	1146155800506622
1146155806851853	1146155832567237	1146155808906853
1146155818157314	9223372036854775807	1146155820093699
