8333333
1145856245732373	1145856270829373	1145856247405912
1145856254733989	1145856279257912	1145856255502220
1145856261498527	1145856287655835	1145856263402912
1145856269748143	1145856295860989	1145856271568989
1145856278283143	1145856304205604	1145856280343450
1145856288976758	1145856312528143	1145856289757912
1145856296985604	1145856321024681	1145856298737066
1145856306799450	1145856329230604	1145856308319835
1145856312289297	1145856337570835	1145856314781373
1145856319930527	1145856345897066	1145856322018527
1145856329261066	1145856354287450	1145856331351143
1145856339085066	1145856362581373	1145856340082220
1145856348223527	1145856370921604	1145856349689912
1145856355643527	1145856379260989	1145856356389989
1145856361652989	1145856387594220	1145856363552143
1145856370079527	1145856395967220	1145856372168758
1145856378516989	1145856404280758	1145856380203835
1145856387796758	1145856412634604	1145856389329989
1145856395884066	1145856420975143	1145856397515220
1145856405129373	1145856429301604	1145856406904450
1145856422223450	1145856437652758	1145856423055143
1145856424813989	1145856445972758	1145856426478604
1145856427076758	1145856454322527	1145856428192066
1145856435410297	1145856462662297	1145856437233297
1145856444141604	1145856471082220	1145856446106297
1145856457232758	1145856479344143	1145856459222220
1145856461043758	1145856487686297	1145856462820450
1145856469293681	1145856496022912	1145856471216681
1145856478395527	1145856504408989	1145856480258835
1145856489867450	1145856512699450	1145856491490297
1145856496688143	1145856521043758	1145856497179835
1145856505046835	1145856529415220	1145856505604450
1145856512747835	1145856537848143	1145856514322835
1145856520266220	1145856546055220	1145856522261989
1145856528739758	1145856554400373	1145856530240681
1145856536897912	1145856562760681	1145856538210220
1145856545963758	1145856571124681	1145856547433297
1145856554121989	1145856579420758	1145856555824066
1145856563229912	1145856587760681	1145856564736143
1145856571044450	1145856596142297	1145856572712989
1145856578420373	1145856604466835	1145856580381066
1145856587569989	1145856612859835	1145856589408989
1145856595504373	1145856621141297	1145856597336681
1145856603919758	1145856629470297	1145856605699220
1145856612740143	1145856637824373	1145856614083527
1145856622814527	1145856646149989	1145856623549681
1145856630009066	1145856654488758	1145856631945066
1145856638727143	1145856662834220	1145856640423835
1145856646476758	1145856671224373	1145856647633604
1145856654230220	1145856679560373	1145856655762527
1145856662306604	1145856687864681	1145856664134604
1145856671970527	1145856696187835	1145856673312066
1145856679473912	1145856704606220	1145856680821066
1145856687597912	1145856712881066	1145856689399527
1145856695280450	1145856721238527	1145856697263450
1145856705516450	1145856729549297	1145856706713681
1145856714373066	1145856737901912	1145856715572989
1145856720989297	1145856746237912	1145856722630912
1145856729189297	1145856754613604	1145856731028373
1145856737834835	1145856762915450	1145856739380989
1145856746348681	1145856771251220	1145856747585373
1145856754024066	1145856779598297	1145856755788066
1145856762427527	1145856787941066	1145856764406297
1145856770689604	1145856796431450	1145856774293604
1145856778770604	1145856804611143	1145856781005066
1145856787210912	1145856812948758	1145856789171835
1145856795523220	1145856821301912	1145856797353989
1145856804498604	1145856829697066	1145856806418527
1145856812491835	1145856837984989	1145856814562912
1145856820647527	1145856846332450	1145856822293681
1145856830939143	1145856854656066	1145856831684758
1145856837936066	1145856863030297	1145856839776066
1145856846357604	1145856871333066	1145856847854220
1145856853565604	1145856879669989	1145856855562604
1145856862419220	1145856888012450	1145856864065912
1145856870823527	1145856896356758	1145856872559835
1145856879165604	1145856904692450	1145856881336989
1145856887125989	1145856913042835	1145856889097066
1145856897948450	1145856921371450	1145856899738220
1145856903129604	1145856929709989	1145856905091835
1145856920409912	1145856938120066	1145856925169604
1145856922249373	1145856946406835	1145856926790527
1145856927677066	1145856954749604	1145856930056373
1145856936244681	1145856963087143	1145856938129066
1145856944888758	1145856971490835	1145856946945912
1145856953609989	1145856979754297	1145856955746604
1145856963223835	1145856988165604	1145856964574527
1145856970849912	1145856996449373	1145856972259527
1145856979245681	1145857004831450	1145856981041604
1145856987313604	1145857013129297	1145856989656066
1145856997694220	1145857021510604	1145856998827527
1145857004989373	1145857029805297	1145857006445989
1145857012161297	1145857038149912	1145857013818604
1145857020893912	1145857046497373	1145857022737297
1145857029437297	1145857054928373	1145857031039143
1145857035669681	1145857063167758	1145857038006604
1145857044592066	1145857071504681	1145857046512758
1145857053549989	1145857079995220	1145857055378604
1145857061321373	1145857088182604	1145857063381912
1145857069568681	1145857096575220	1145857071771758
1145857077735143	1145857104879143	1145857079985297
1145857086825066	1145857113209681	1145857088606220
1145857095957912	1145857121615758	1145857097258604
1145857104971450	1145857129888450	1145857105730912
1145857112430604	1145857138237066	1145857114360143
1145857121099758	1145857146591758	1145857122498912
1145857128955758	1145857154926912	1145857131195220
1145857138926604	1145857163271835	1145857140218604
1145857146011143	1145857171601989	1145857148261912
1145857154486297	1145857179976758	1145857156619758
1145857163483143	1145857188394220	1145857164935835
1145857170603220	1145857196651527	1145857172553066
1145857179143527	1145857204957681	1145857180471835
1145857187536450	1145857213301066	1145857189359835
1145857195991450	1145857221636681	1145857197673681
1145857204200066	1145857229982527	1145857205924681
1145857214272681	1145857238317066	1145857215514297
1145857220680450	1145857246742297	1145857222483835
1145857229348989	1145857255027835	1145857231460373
1145857237983527	1145857263345604	1145857240283527
1145857248268989	1145857271680681	1145857249199527
1145857255823143	1145857280017297	1145857257004989
1145857263314297	1145857288446527	1145857264896681
1145857271048758	1145857296693297	1145857273005604
1145857279158835	1145857305039835	1145857280904989
1145857287958912	1145857313366297	1145857289576373
1145857295037066	9223372036854775807	1145857296879758
