8333333
1146002238614613	1146002263724690	1146002240274844
1146002246912998	1146002272072151	1146002248411536
1146002255173613	1146002280473382	1146002256773921
1146002263308690	1146002288668690	1146002264878613
1146002270826921	1146002297034613	1146002272761613
1146002280503767	1146002305310305	1146002281976998
1146002287440151	1146002313614305	1146002289330305
1146002297068998	1146002321975536	1146002298378228
1146002304992998	1146002330282536	1146002306634613
1146002312967536	1146002338572459	1146002314813998
1146002321520459	1146002346898228	1146002323088690
1146002328957382	1146002355244074	1146002330560690
1146002338077998	1146002363583459	1146002339378305
1146002346370228	1146002371889074	1146002347670844
1146002355880767	1146002380156767	1146002357338921
1146002364757382	1146002388485613	1146002365655151
1146002371993305	1146002396793074	1146002373872151
1146002380414305	1146002405105382	1146002381053074
1146002388862844	1146002413504382	1146002389596767
1146002397127536	1146002421767767	1146002397714613
1146002405651844	1146002430061921	1146002406336074
1146002412594228	1146002438475459	1146002414171151
1146002421082613	1146002446688690	1146002423824767
1146002429546921	1146002455049382	1146002431774536
1146002438056767	1146002463329613	1146002440409382
1146002446968382	1146002471629382	1146002448693382
1146002456200074	1146002480008074	1146002457297921
0	1146002488282921	1146002479180459
1146002475719228	1146002496582536	1146002482111844
1146002481126228	1146002504906613	1146002483555536
1146002486470536	1146002513248151	1146002487945921
1146002496185921	1146002521582844	1146002497985921
1146002504499767	1146002529849921	1146002506186305
1146002512275459	1146002538160151	1146002514591844
1146002521917074	1146002546480690	1146002523587844
1146002528620459	1146002554800459	1146002530498844
1146002536705690	1146002563117613	1146002538627536
1146002545829305	1146002571476151	1146002548367767
1146002554514305	1146002579750613	1146002556285382
1146002562304382	1146002588087228	1146002564568690
1146002572256382	1146002596380382	1146002573902536
1146002580263844	1146002604689074	1146002582225690
1146002586539767	1146002613013382	1146002588851844
1146002595809921	1146002621414844	1146002597682305
1146002603499459	1146002629658921	1146002605425921
1146002612252998	1146002637972074	1146002614251536
1146002620386228	1146002646338536	1146002622042536
1146002630246844	1146002654586613	1146002631956767
1146002638531767	1146002662898305	1146002640368382
1146002645743536	1146002671237921	1146002647386228
1146002653997382	1146002679536382	1146002655229305
1146002662326536	1146002688015767	1146002664082613
1146002670262844	1146002696165613	1146002671707228
1146002679200074	1146002704612690	1146002680759844
1146002687538228	1146002712801613	1146002688932459
1146002695385305	1146002721143844	1146002697023228
1146002703896151	1146002729481305	1146002705713305
1146002712899151	1146002737769305	1146002714257921
1146002721717074	1146002746121921	1146002722778844
1146002729014613	1146002754401690	1146002730916151
1146002739353921	1146002762701921	1146002739994844
1146002746129382	1146002771008998	1146002747505998
1146002754139151	1146002779545690	1146002755956151
1146002761578305	1146002787673382	1146002763395767
1146002770329690	1146002795963228	1146002772130844
1146002778603844	1146002804325613	1146002780127459
1146002788279151	1146002812603151	1146002789428151
1146002795119151	1146002820919459	1146002796678536
1146002805104151	1146002829233613	1146002806411228
1146002811278228	1146002837546536	1146002813110921
1146002820665690	1146002845856998	1146002822123151
1146002828457998	1146002854214844	1146002829902305
1146002836760074	1146002862505690	1146002838391459
1146002845320767	1146002870812074	1146002846995459
1146002854466844	1146002879131844	1146002855906844
1146002861793074	1146002887441305	1146002863388151
1146002870911767	1146002895757921	1146002872382228
1146002878466844	1146002904064767	1146002880113613
1146002887358844	1146002912381382	1146002889082844
1146002894273690	1146002920693998	1146002896287151
1146002902741382	1146002929012767	1146002904806536
1146002910546844	1146002937340690	1146002912556767
1146002918653074	1146002945649382	1146002920924074
1146002926858305	1146002953972998	1146002928978228
1146002934822536	1146002962282305	1146002937119844
1146002943099536	1146002970609382	1146002945556767
1146002953002921	1146002978914844	1146002954535767
1146002961447767	1146002987238536	1146002963169921
0	1146002995575844	1146002982409998
1146002982349305	1146003003888151	1146002983899459
1146002985008151	1146003012215536	1146002987226844
1146002994618613	1146003020602536	1146002996599767
1146003003127228	1146003028829305	1146003005855844
1146003011017613	1146003037133074	1146003013127767
1146003022049305	1146003045472382	1146003022565921
1146003029326613	1146003053771767	1146003030068767
1146003036645613	1146003062082536	1146003038817921
1146003044085305	1146003070393305	1146003046067844
1146003053287536	1146003078712074	1146003055247459
1146003060984074	1146003087028074	1146003063348151
1146003068476382	1146003095357074	1146003070602228
1146003075641074	1146003103682921	1146003077912690
1146003083951151	1146003111984690	1146003086244767
1146003097133074	1146003120294613	1146003097548459
1146003103368382	1146003128612998	1146003105424382
1146003112092998	1146003137045305	1146003114073921
1146003119102613	1146003145283151	1146003121124690
1146003126823228	1146003153570613	1146003128908690
1146003135654613	1146003161887767	1146003137292690
1146003142969690	1146003170210921	1146003144907459
1146003152375228	1146003178522228	1146003154075844
1146003161074613	1146003186831844	1146003162630921
1146003169260151	1146003195153921	1146003171074613
1146003178036459	1146003203511536	1146003179758844
1146003184852459	1146003211784690	1146003187140074
1146003194069921	1146003220108767	1146003195749613
1146003202295459	1146003228961921	1146003204040767
1146003210767228	1146003236849690	1146003212787536
1146003220158305	1146003245069382	1146003221952151
1146003228643151	1146003253400382	1146003230306228
1146003235432767	1146003261730228	1146003236868998
1146003244224690	1146003270040459	1146003246170844
1146003252992382	1146003278322844	1146003254593613
1146003262960074	1146003286656459	1146003263823844
1146003269356074	1146003294961074	1146003271565613
1146003278863536	9223372036854775807	1146003280424690
1146003285886844	9223372036854775807	1146003287631536
