8333333
1145896979193299	1145897003924145	1145896980541376
1145896989623760	1145897012290299	1145896990350530
1145896994765068	1145897020567837	1145896996614914
1145897002409684	1145897028883145	1145897004450914
1145897011791222	1145897037327222	1145897013710222
1145897019984991	1145897045508068	1145897021823222
1145897030207145	1145897053838837	1145897031525299
1145897036752991	1145897062148453	1145897038368684
1145897044799530	1145897070462530	1145897046508068
1145897053238530	1145897078859222	1145897054559530
1145897062286530	1145897087095760	1145897063244068
1145897070126837	1145897095424760	1145897072322607
1145897077783837	1145897103734222	1145897079754607
1145897088656376	1145897112085991	1145897089117068
1145897097183837	1145897120367145	1145897097815760
1145897103241684	1145897128745607	1145897104733299
1145897111832991	1145897137019145	1145897113557991
1145897119383145	1145897145315222	1145897121391837
1145897130270530	1145897153638914	1145897130398299
1145897137175453	1145897161957914	1145897138431145
1145897144944684	1145897170276684	1145897146588068
1145897152783760	1145897178583453	1145897153972991
1145897161528991	1145897186926222	1145897162561299
1145897170671453	1145897195360068	1145897171429914
1145897177151837	1145897203588760	1145897179009607
1145897186029299	1145897211876991	1145897187994299
1145897194986530	1145897220212760	1145897197019760
1145897203163837	1145897228501376	1145897204791760
1145897211243222	1145897236814222	1145897212696453
1145897219281914	1145897245136760	1145897221287145
1145897228613991	1145897253458607	1145897230389299
1145897237391530	1145897261771760	1145897238883222
1145897245376068	1145897270260068	1145897246704760
1145897254905914	1145897278410914	1145897255542914
1145897260664453	1145897286719222	1145897262364453
1145897270314607	1145897295042837	1145897271786530
1145897277313684	1145897303449607	1145897279174914
1145897285593299	1145897311672068	1145897287574530
1145897295733607	1145897319991837	1145897297611760
1145897302504376	1145897328354299	1145897304503530
1145897310167760	1145897336646222	1145897311959530
1145897319916991	1145897345160453	1145897321513068
1145897326815837	1145897353327760	1145897328976068
1145897338184453	1145897361657684	1145897339401914
1145897345639530	1145897369912453	1145897347352376
1145897352424684	1145897378239145	1145897354556991
1145897360714914	1145897386525607	1145897362768684
1145897369695145	1145897394852145	1145897371832684
1145897377293376	1145897403158607	1145897379572684
1145897386795760	1145897411524068	1145897388690914
1145897395373376	1145897419791837	1145897396774530
1145897402448145	1145897428146299	1145897404192145
1145897410720991	1145897436438914	1145897412620145
1145897418802222	1145897444750914	1145897420669607
1145897427749068	1145897453073376	1145897429671530
1145897446587145	1145897461500376	1145897452338607
1145897449629376	1145897469718607	1145897453876068
1145897454666914	1145897478031530	1145897457712453
1145897459945684	1145897486346837	1145897461533299
1145897469440068	1145897494673684	1145897471665068
1145897478888068	1145897502980684	1145897480325991
1145897486801684	1145897511427222	1145897487717376
1145897494243837	1145897519611760	1145897495704145
1145897503402530	1145897527921299	1145897504293684
1145897510363222	1145897536264760	1145897512398914
1145897518243760	1145897544560684	1145897520316991
1145897526796145	1145897552878222	1145897528788684
1145897535104145	1145897561231837	1145897537278914
1145897543740068	1145897569516376	1145897545818299
1145897551478607	1145897577831222	1145897553411760
1145897559709299	1145897586145068	1145897561728068
1145897567666914	1145897594465376	1145897569729607
1145897576056684	1145897602780145	1145897578020068
1145897583838607	1145897611109991	1145897586152684
1145897592477914	1145897619490530	1145897594629607
1145897600947222	1145897627867453	1145897603061068
1145897610978530	1145897636067837	1145897612204761
1145897620271837	1145897644410837	1145897620984453
1145897626878837	1145897652708453	1145897629026222
1145897635538299	1145897661024145	1145897637307222
1145897643461607	1145897669340761	1145897645217607
1145897652710914	1145897677705299	1145897654142837
1145897660773684	1145897685981607	1145897662529376
1145897668719837	1145897694288991	1145897670398914
1145897677311145	1145897702612761	1145897679333914
1145897684684761	1145897710929299	1145897686511145
1145897693385068	1145897719265299	1145897695301607
1145897702317068	1145897727568453	1145897703745068
1145897710407145	1145897735897914	1145897711821607
1145897717537607	1145897744219761	1145897719277376
1145897725995145	1145897752536453	1145897728077376
1145897734186222	1145897760869914	1145897736266222
1145897742500684	1145897769203453	1145897744658914
1145897751053607	1145897777584453	1145897752952453
1145897759088068	1145897785845991	1145897761178914
1145897771649376	1145897794147453	1145897772435145
1145897777087837	1145897802481607	1145897778634299
1145897785387761	1145897810808991	1145897787164684
1145897793177684	1145897819120453	1145897794433607
1145897803405376	1145897827473068	1145897803987530
1145897809889068	1145897835805684	1145897811624761
1145897818691837	1145897844148684	1145897820280684
1145897826860991	1145897852505991	1145897828512991
1145897835814607	1145897860728376	1145897837306299
1145897844284453	1145897869053991	1145897845431453
1145897852577684	1145897877383453	1145897853920761
1145897859555530	1145897885709684	1145897861271837
1145897868263453	1145897894129068	1145897869458222
1145897877694530	1145897902362914	1145897878491145
1145897885004684	1145897910671530	1145897887021376
1145897893305914	1145897918993684	1145897895239453
1145897901744684	1145897927331837	1145897903649914
1145897912686914	1145897935639145	1145897913725299
1145897918223453	1145897943951837	1145897920318837
1145897926634837	1145897952276761	1145897928546837
1145897935297376	1145897960588684	1145897937326299
1145897954603453	1145897968972376	1145897955599145
1145897958065607	1145897977362530	1145897958947145
1145897961042607	1145897985565914	1145897964253607
1145897967628068	1145897993925914	1145897970018530
1145897978727222	1145898002292145	1145897979696453
1145897984204068	1145898010536761	1145897986261068
1145897992561607	1145898018846222	1145897994645376
1145898001660376	1145898027155530	1145898003343145
1145898009613068	1145898035471837	1145898011950299
1145898018280453	1145898043851453	1145898020283761
1145898025526607	9223372036854775807	1145898027671145
