8333333
1146160634420392	1146160656814853	1146160636042545
1146160639217007	1146160665093007	1146160640479161
1146160647047468	1146160673408776	1146160649123238
1146160656645007	1146160681740699	1146160657780161
1146160664515161	1146160690032161	1146160665856468
1146160673614853	1146160698354238	1146160674976392
1146160681430007	1146160706674622	1146160683020392
1146160689527853	1146160714981315	1146160691360468
1146160698000699	1146160723297315	1146160699616468
1146160706347776	1146160731631238	1146160707980161
1146160714197930	1146160739948468	1146160716042545
1146160723125930	1146160748259238	1146160724765622
1146160730877622	1146160756596776	1146160732850622
1146160740283776	1146160764909007	1146160741778853
1146160748677699	1146160773212161	1146160750329622
1146160767758315	1146160781530930	1146160768738315
1146160771181007	1146160789844084	1146160772813007
1146160774185007	1146160798162007	1146160775515853
1146160780088084	1146160806482315	1146160781486007
1146160788258315	1146160814807161	1146160790255776
1146160796893699	1146160823106007	1146160798901699
1146160806757007	1146160831417622	1146160808253392
1146160815151853	1146160839846930	1146160816512776
1146160822254238	1146160848068776	1146160823861084
1146160830442853	1146160856398238	1146160832210007
1146160839841699	1146160864693007	1146160842634853
1146160847167545	1146160873040161	1146160848606238
1146160855417699	1146160881342238	1146160857532392
1146160864881007	1146160889691776	1146160866411238
1146160872186622	1146160897957699	1146160873794622
1146160879933392	1146160906331238	1146160881703469
1146160888663545	1146160914609392	1146160890402545
1146160897332392	1146160922908776	1146160899195853
1146160905522007	1146160931222545	1146160907216161
1146160913934545	1146160939592469	1146160915619776
1146160922569392	1146160947889622	1146160923836084
1146160929941007	1146160956220699	1146160931974545
1146160941710930	1146160964507853	1146160942449622
1146160946736161	1146160972868392	1146160948870315
1146160957034007	1146160981137007	1146160957809007
1146160965035238	1146160989465930	1146160965927853
1146160973543776	1146160997777699	1146160976085699
1146160980191238	1146161006114238	1146160982597007
1146160989170007	1146161014409315	1146160991339238
1146160997469007	1146161022736161	1146160998731469
1146161005696161	1146161031072776	1146161006836699
1146161015237315	1146161039358545	1146161015966238
1146161025902315	1146161047936469	1146161027177315
1146161030697315	1146161056014238	1146161031916469
1146161040145084	1146161064308469	1146161040849699
1146161046556392	1146161072623776	1146161048514622
1146161055550853	1146161080942238	1146161057980392
1146161063284776	1146161089284161	1146161065869392
1146161072937007	1146161097637315	1146161074485699
1146161081156776	1146161105994007	1146161082775161
1146161088580392	1146161114215469	1146161090378930
1146161096563853	1146161122525315	1146161098328776
1146161106012084	1146161130845084	1146161107341315
1146161113815469	1146161139163853	1146161115900084
1146161121277622	1146161147469084	1146161123170853
1146161131855469	1146161155799545	1146161133182622
1146161138920699	1146161164221699	1146161140441392
1146161146483469	1146161172423469	1146161148509930
1146161155426622	1146161180749315	1146161156815853
1146161164253084	1146161189054853	1146161165847776
1146161172855545	1146161197372392	1146161173721084
1146161180654930	1146161205691853	1146161181222315
1146161188519469	1146161214000161	1146161189631776
1146161196986238	1146161222321084	1146161198156161
1146161206969007	1146161230658238	1146161207218238
1146161212834238	1146161238961084	1146161214409699
1146161222270315	1146161247282622	1146161224546545
1146161230449084	1146161255596699	1146161232463469
1146161239349622	1146161263945699	1146161240789699
1146161246486930	1146161272236469	1146161248445007
1146161254336161	1146161280543469	1146161256125930
1146161271506545	1146161288862007	1146161277759238
1146161273862930	1146161297216776	1146161279680392
1146161280280161	1146161305500392	1146161282856084
1146161286644699	1146161313823161	1146161289031469
1146161294540469	1146161322133930	1146161296573392
1146161303798238	1146161330638238	1146161305754315
1146161312339776	1146161338847161	1146161314157315
1146161320902622	1146161347086315	1146161322644776
1146161331782315	1146161355422238	1146161332357007
1146161340333084	1146161363725315	1146161341289699
1146161346325699	1146161372131853	1146161348319776
1146161355563469	1146161380352469	1146161357057315
1146161363368084	1146161388689007	1146161364890238
1146161371977315	1146161396991545	1146161372931161
1146161380480392	1146161405404469	1146161381230853
1146161388134238	1146161413625084	1146161389955161
1146161397469392	1146161421942007	1146161399258545
1146161404666622	1146161430250930	1146161406381084
1146161412812699	1146161438611161	1146161414211238
1146161419969930	1146161446941622	1146161421813084
1146161427984392	1146161455249315	1146161430227238
1146161436099776	1146161463516776	1146161438359161
1146161444460392	1146161471852699	1146161446728469
1146161454346853	1146161480190545	1146161456280392
1146161462151776	1146161488525007	1146161464176392
1146161471775776	1146161496800161	1146161473398238
1146161479703238	1146161505111238	1146161481598622
1146161488288084	1146161513480392	1146161489969930
1146161497095776	1146161521840776	1146161498759853
1146161503823776	1146161530088161	1146161506092161
1146161512373392	1146161538379776	1146161514530007
1146161522472392	1146161546696161	1146161524235776
1146161529342545	1146161555010238	1146161531371469
1146161537738853	1146161563391776	1146161539710315
1146161545831776	1146161571655545	1146161547821622
1146161553876084	1146161579974315	1146161556129392
1146161561306238	1146161588285622	1146161563538853
1146161571006853	1146161596649392	1146161572869930
1146161579942930	1146161604913622	1146161581810853
1146161586740084	1146161613232161	1146161588685930
1146161595274238	1146161621576392	1146161597496776
1146161604935545	1146161629879776	1146161606629930
1146161611490238	1146161638199776	1146161613434007
1146161619894622	1146161646575238	1146161621836699
1146161630575469	1146161654839161	1146161632212392
1146161638187161	1146161663143853	1146161639642853
1146161646332699	1146161671462238	1146161648328084
1146161653967545	1146161679773622	1146161656017315
1146161662165699	1146161688087776	1146161664207161
1146161670854853	1146161696487469	1146161672916161
1146161679124469	9223372036854775807	1146161681030007
