8333333
1146289472707168	1146289498382322	1146289474475553
1146289481520707	1146289506768399	1146289483333630
1146289489675861	1146289514958553	1146289491685092
1146289497425092	1146289523365707	1146289499386630
1146289505947553	1146289531588168	1146289507733015
1146289513705322	1146289539920707	1146289515773015
1146289521879553	1146289548233015	1146289523906861
1146289531525399	1146289556560784	1146289533645399
1146289540299168	1146289564865630	1146289541798322
1146289548098322	1146289573181399	1146289549770630
1146289554340476	1146289581501938	1146289556344399
1146289562720092	1146289589853092	1146289564774322
1146289571642245	1146289598131553	1146289573762015
1146289580422245	1146289606495553	1146289582189322
1146289589407476	1146289614846322	1146289591258015
1146289597705707	1146289623138861	1146289599493399
1146289605502861	1146289631400476	1146289608052707
1146289613994015	1146289639797938	1146289615866245
1146289628652399	1146289648069630	1146289631105092
1146289630506553	1146289656583476	1146289634037938
1146289638827553	1146289664674015	1146289640785938
1146289646637092	1146289672990938	1146289648701938
1146289655305015	1146289681389630	1146289657500476
1146289664202015	1146289689628399	1146289665838015
1146289672684784	1146289698004399	1146289674401707
1146289681590861	1146289706268476	1146289682910553
1146289688863476	1146289714585092	1146289690422861
1146289697979553	1146289722889092	1146289699645015
1146289706309938	1146289731210630	1146289707989630
1146289714046322	1146289739522322	1146289716073399
1146289722249092	1146289747855476	1146289724101707
1146289730687476	1146289756159553	1146289732435168
1146289739303245	1146289764476707	1146289740924707
1146289746983553	1146289772807861	1146289749020399
1146289755203784	1146289781118245	1146289756823168
1146289763324476	1146289789445322	1146289764932476
1146289771981399	1146289797764476	1146289773987168
1146289780467861	1146289806071476	1146289781869630
1146289789481630	1146289814416784	1146289790749015
1146289798501399	1146289822711476	1146289800141399
1146289806477938	1146289831020476	1146289807851168
1146289814041092	1146289839359476	1146289815732476
1146289821600784	1146289847818015	1146289823293707
1146289829982245	1146289855962553	1146289831769092
1146289839066015	1146289864293707	1146289840953399
1146289846913015	1146289872612399	1146289848593399
1146289855155168	1146289880934938	1146289856333015
1146289865544399	1146289889491476	1146289866617938
1146289873770322	1146289897556784	1146289874653092
1146289883310938	1146289905964169	1146289885418630
1146289887837630	1146289914188707	1146289889454322
1146289897568092	1146289922522245	1146289899685399
1146289905729707	1146289930822861	1146289907722630
1146289914303784	1146289939135476	1146289916335553
1146289921839476	1146289947465322	1146289924162245
1146289929435784	1146289955778322	1146289931496169
1146289938700707	1146289964135476	1146289940937092
1146289946815245	1146289972423861	1146289948990630
1146289954993707	1146289980740169	1146289957206553
1146289964396784	1146289989049399	1146289966417322
1146289972768707	1146289997370015	1146289974336784
1146289980483476	1146290005675784	1146289982051553
1146289988346015	1146290014033015	1146289990048707
1146289997115553	1146290022312476	1146289999212784
1146290005147553	1146290030622861	1146290007096399
1146290013021707	1146290038980092	1146290014979784
1146290022089938	1146290047269015	1146290023554630
1146290028969399	1146290055670630	1146290030988169
1146290038854245	1146290063905322	1146290040559245
1146290046757399	1146290072235169	1146290048619553
1146290055546322	1146290080524784	1146290057820399
1146290063531784	1146290088866938	1146290065399784
1146290072422015	1146290097167784	1146290074026322
1146290078987169	1146290105480707	1146290081045322
1146290090060169	1146290113808092	1146290091581707
1146290097146861	1146290122170630	1146290099330245
1146290105075784	1146290130428169	1146290106423169
1146290111893707	1146290138755861	1146290114254938
1146290120211784	1146290147068092	1146290122445938
1146290133859861	1146290155388707	1146290135908476
1146290136916784	1146290163706322	1146290137860707
1146290144227861	1146290172076476	1146290146450630
1146290153384169	1146290180399169	1146290155594015
1146290162226245	1146290188673707	1146290163902553
1146290171034553	1146290196989938	1146290172772399
1146290179634630	1146290205359553	1146290181269707
1146290187513322	1146290213645399	1146290189154015
1146290196163784	1146290221965322	1146290197922322
1146290205281399	1146290230283784	1146290207260092
1146290213339169	1146290238618322	1146290215185015
1146290223222322	1146290246941092	1146290224677938
1146290229801092	1146290255351245	1146290231505322
1146290238034015	1146290263550861	1146290240654861
1146290246940169	1146290271862553	1146290248428092
1146290254321015	1146290280194245	1146290256368399
1146290261863784	1146290288503476	1146290263941399
1146290270309399	1146290296810630	1146290272800476
1146290277837707	1146290305130938	1146290280205938
1146290286529399	1146290313469092	1146290288835861
1146290294667784	1146290321781015	1146290296789630
1146290302940092	1146290330139553	1146290305235245
1146290312178938	1146290338618015	1146290313954938
1146290320839476	1146290346747861	1146290322235169
1146290330008092	1146290355066553	1146290331713938
1146290338147169	1146290363357399	1146290339806861
1146290347378553	1146290371679784	1146290348692476
1146290354236092	1146290380000784	1146290356475476
1146290362750630	1146290388310553	1146290365145015
1146290372083784	1146290396678553	1146290373834322
1146290380417322	1146290404949322	1146290382085322
1146290387390322	1146290413263169	1146290389272399
1146290396626938	1146290421584476	1146290398180399
1146290403833938	1146290429900169	1146290405680399
1146290412549938	1146290438218245	1146290414430861
1146290419563245	1146290446533399	1146290421506322
1146290428816092	1146290454899553	1146290430729630
1146290437715861	1146290463178630	1146290439888784
1146290445714015	1146290471593015	1146290448462553
1146290456958553	1146290479798630	1146290457826015
1146290462940092	1146290488117707	1146290464868169
1146290470605630	1146290496429938	1146290472496707
1146290478783169	1146290504743784	1146290481002553
1146290487518322	1146290513079245	1146290489586630
1146290495500707	1146290521378245	1146290497321015
1146290503428476	1146290529693092	1146290505526553
1146290512984169	1146290538018015	1146290514581707
1146290521082630	9223372036854775807	1146290523046553
