8333333
1146283575245937	1146283601243476	1146283577066322
1146283585034245	1146283609565707	1146283586327784
1146283592849630	1146283617886014	1146283594307860
1146283600512707	1146283626194245	1146283602126014
1146283611164476	1146283634513322	1146283610385630
1146283617484091	1146283642826860	1146283619181399
1146283626166630	1146283651172091	1146283627592476
1146283633606322	1146283659607784	1146283635410322
1146283642035860	1146283667785937	1146283643771476
1146283650261322	1146283676200168	1146283652216707
1146283659450937	1146283684415245	1146283661126322
1146283667435168	1146283692726553	1146283669004476
1146283675843784	1146283701046322	1146283677910553
1146283683955860	1146283709392476	1146283685909399
1146283692273014	1146283717809399	1146283694065707
1146283701379168	1146283726000476	1146283702843860
1146283710219860	1146283734327553	1146283711896707
1146283717229937	1146283742624091	1146283718770553
1146283725986322	1146283750941091	1146283727340784
1146283735518937	1146283759257630	1146283737252784
1146283742105630	1146283767589707	1146283743865091
1146283750273630	1146283775895168	1146283752275245
1146283758474322	1146283784233630	1146283760641707
1146283767121014	1146283792537322	1146283769136399
1146283776113707	1146283800900091	1146283778035168
1146283783213630	1146283809161091	1146283785127860
1146283792402322	1146283817484476	1146283793845630
1146283800245937	1146283825898014	1146283802490322
1146283810038553	1146283834099860	1146283811297937
1146283816767860	1146283842414014	1146283818306937
1146283826177707	1146283850790860	1146283827434860
1146283833694014	1146283859048784	1146283835398322
1146283841818937	1146283867368168	1146283843738860
1146283850558937	1146283875855168	1146283851964091
1146283858404168	1146283884010322	1146283860317937
1146283866646322	1146283892464091	1146283868520399
1146283875317091	1146283900636784	1146283877373707
1146283883579168	1146283908950860	1146283885868091
1146283892837937	1146283917262322	1146283894546553
1146283900276707	1146283925591860	1146283902261707
1146283909864784	1146283933897322	1146283910988091
1146283917127168	1146283942278553	1146283917975784
1146283925075168	1146283950529937	1146283926495476
1146283933916707	1146283958846014	1146283935322245
1146283941475860	1146283967158553	1146283943185014
1146283950280707	1146283975525014	1146283951896091
1146283958365091	1146283983803784	1146283960129630
1146283966010937	1146283992118553	1146283968088707
1146283974493014	1146284000433014	1146283976524091
1146283984301091	1146284008750860	1146283985658937
1146283992642014	1146284017074553	1146283994731168
1146284001723245	1146284025369322	1146284002838553
1146284008787476	1146284033724091	1146284010039476
1146284017047784	1146284042007245	1146284018831245
1146284024101322	1146284050348707	1146284026077014
1146284034148476	1146284058658553	1146284035928707
1146284051312784	1146284066977630	1146284052989091
1146284053860476	1146284075280707	1146284056190937
1146284056831245	1146284083616476	1146284057951553
1146284065635784	1146284091908476	1146284067293399
1146284073987476	1146284100236399	1146284075830630
1146284082521630	1146284108544168	1146284084133937
1146284090789630	1146284116855553	1146284092720091
1146284100384168	1146284125185707	1146284101128168
1146284107400168	1146284133508476	1146284109201707
1146284116734860	1146284141813707	1146284118163476
1146284124739245	1146284150125322	1146284126479476
1146284133897707	1146284158449937	1146284135518322
1146284140441014	1146284166765399	1146284142187476
1146284149128091	1146284175075245	1146284150921322
1146284157034245	1146284183410553	1146284158944091
1146284166117091	1146284191712168	1146284167985630
1146284173925937	1146284200137707	1146284175866014
1146284186094245	1146284208348476	1146284186686245
1146284190565091	1146284216655476	1146284192669091
1146284200434322	1146284224966937	1146284201895553
1146284207110937	1146284233294245	1146284209253399
1146284216110553	1146284241625322	1146284217906937
1146284223401630	1146284249921399	1146284225308707
1146284232320399	1146284258234322	1146284233997091
1146284239511784	1146284266557091	1146284241452399
1146284247755860	1146284274959476	1146284249886630
1146284255973091	1146284283226860	1146284258996168
1146284264786245	1146284291535860	1146284267034014
1146284272777091	1146284299835784	1146284274957707
1146284283645091	1146284308155168	1146284284588707
1146284290113630	1146284316470630	1146284292202860
1146284299219476	1146284324785322	1146284301527553
1146284309234630	1146284333108168	1146284310929322
1146284316519476	1146284341430245	1146284318002245
1146284324746860	1146284349735168	1146284325794014
1146284332684168	1146284358053322	1146284333987553
1146284342460784	1146284366371168	1146284343366245
1146284349945014	1146284374700784	1146284350735784
1146284358177707	1146284383042322	1146284358824399
1146284367329399	1146284391320784	1146284369025322
1146284373716707	1146284399688168	1146284375677707
1146284382278245	1146284407954322	1146284383773707
1146284390411860	1146284416267168	1146284391751784
1146284397284399	1146284424584707	1146284399423553
1146284405917630	1146284432931553	1146284408114553
1146284414452707	1146284441248399	1146284416559168
1146284422638322	1146284449603476	1146284424745014
1146284431000476	1146284457884476	1146284433268399
1146284441116707	1146284466177937	1146284442645630
1146284449145399	1146284474493399	1146284450625399
1146284457341322	1146284482849937	1146284459144707
1146284465922014	1146284491130553	1146284467585014
1146284474140784	1146284499459476	1146284475843784
1146284482500476	1146284507770245	1146284484334245
1146284490331784	1146284516392091	1146284492385091
1146284498799476	1146284524465707	1146284500845937
1146284508230860	1146284532722322	1146284509902014
1146284516426860	1146284541040784	1146284517590937
1146284524567553	1146284549353322	1146284526131784
1146284530702937	1146284557685630	1146284532999784
1146284539234322	1146284565998937	1146284541191476
1146284552137630	1146284574321091	1146284554303245
1146284555388784	1146284582660399	1146284557479860
1146284564928784	1146284590994937	1146284566509399
1146284573702630	1146284599325322	1146284575649399
1146284582054630	1146284607586937	1146284583523245
1146284590041014	1146284615901322	1146284591746322
1146284598371784	1146284624222860	1146284600389630
1146284608298014	1146284632571476	1146284609623784
1146284615612784	1146284640849937	1146284617319784
1146284623359168	9223372036854775807	1146284625142014
