8333333
1145990601321612	1145990628291535	1145990603221612
1145990610747766	1145990636607151	1145990612818612
1145990618066535	1145990644929612	1145990620280381
1145990626989997	1145990653240381	1145990629065997
1145990634962228	1145990661594228	1145990636834535
1145990643741920	1145990669879535	1145990645955151
1145990652122920	1145990678190920	1145990654051535
1145990660929381	1145990686529305	1145990662348997
1145990669846612	1145990694980458	1145990671064689
1145990678036997	1145990703138535	1145990679490612
1145990686525305	1145990711639458	1145990688368074
1145990694927843	1145990719777689	1145990696704151
1145990703116458	1145990728090920	1145990704961920
1145990711665381	1145990736418305	1145990713232689
1145990718600151	1145990744728458	1145990720471843
1145990727980151	1145990753038228	1145990729431228
1145990735401305	1145990761344074	1145990737403535
1145990745049305	1145990769682305	1145990746802843
1145990752478612	1145990777978920	1145990754490228
1145990760178228	1145990786309689	1145990761748381
1145990769037305	1145990794610612	1145990770282228
1145990776961997	1145990802974920	1145990778913612
1145990786816074	1145990811281920	1145990787866305
1145990803609074	1145990819601920	1145990809695151
1145990806387228	1145990827904381	1145990813338305
1145990812319843	1145990836190228	1145990815076458
1145990818212766	1145990844516458	1145990819633920
1145990827288151	1145990852983843	1145990829094305
1145990834220689	1145990861145612	1145990836395766
1145990843873381	1145990869456997	1145990845029381
1145990851007766	1145990877775766	1145990852682228
1145990859350612	1145990886198843	1145990861023228
1145990873531535	1145990894418920	1145990874998612
1145990880074228	1145990902732151	1145990881214535
1145990884456151	1145990911095843	1145990885985612
1145990892989689	1145990919359228	1145990894777305
1145990902022612	1145990927681689	1145990904279843
1145990910527228	1145990935988997	1145990913008151
1145990918710535	1145990944374920	1145990920904074
1145990927324766	1145990952704151	1145990929414535
1145990934586843	1145990960951535	1145990936714535
1145990943614920	1145990969292151	1145990945478612
1145990952109997	1145990977709920	1145990953752766
1145990960954228	1145990986033612	1145990962626612
1145990969515766	1145990994268689	1145990971118843
1145990976843228	1145991002524997	1145990978684381
1145990985026305	1145991010887843	1145990987186612
1145990993484458	1145991019171458	1145990995314843
1145991002564689	1145991027553381	1145991004460151
1145991010205997	1145991035831151	1145991012222228
1145991018569381	1145991044136074	1145991020402228
1145991026635151	1145991052435151	1145991028911535
1145991035516766	1145991060757305	1145991037569997
1145991044329997	1145991069116997	1145991046380151
1145991051664766	1145991077372458	1145991053569381
1145991060269305	1145991085688074	1145991062574843
1145991069279151	1145991094012689	1145991071075766
1145991076587228	1145991102329381	1145991078403843
1145991084249997	1145991110666843	1145991086407766
1145991092379458	1145991118992381	1145991094351151
1145991101425381	1145991127270535	1145991103179458
1145991109589997	1145991135597920	1145991111545074
1145991117770920	1145991143906228	1145991120183151
1145991126224458	1145991152222535	1145991128584151
1145991133861612	1145991160565920	1145991135940997
1145991144485997	1145991168859766	1145991146278305
1145991152530920	1145991177217612	1145991154019843
1145991159984766	1145991185522305	1145991161793689
1145991168899535	1145991193802305	1145991170234612
1145991177370843	1145991202130612	1145991178578535
1145991184754612	1145991210564381	1145991186473689
1145991192648151	1145991218803458	1145991194176766
1145991201900997	1145991227061612	1145991203871151
1145991210034305	1145991235416689	1145991211808151
1145991218854535	1145991243692381	1145991220380766
1145991226385920	1145991252028997	1145991227870535
1145991234708689	1145991260323458	1145991236721997
1145991241864381	1145991268638228	1145991243652074
1145991250553074	1145991276952689	1145991252578843
1145991258915228	1145991285293997	1145991260744997
1145991266344381	1145991293590535	1145991268496458
1145991275038612	1145991301913612	1145991277170843
1145991283514920	1145991310331535	1145991285628074
1145991293578228	1145991318634305	1145991295735458
0	1145991326875228	1145991318509381
1145991316981920	1145991335355843	1145991320285920
1145991321035535	1145991343498843	1145991324504458
1145991326382305	1145991351798843	1145991327808689
1145991334755843	1145991360137689	1145991336809920
1145991343568766	1145991368442843	1145991345294843
1145991350955458	1145991376776458	1145991353141381
1145991359759843	1145991385074228	1145991361040074
1145991367639766	1145991393390843	1145991369293305
1145991376212997	1145991401697920	1145991377664689
1145991384224689	1145991410016458	1145991385625997
1145991391900151	1145991418381074	1145991393594305
1145991399588689	1145991426646612	1145991401924766
1145991408259766	1145991435029997	1145991410303843
1145991416199843	1145991443299228	1145991418260151
1145991424959843	1145991451614920	1145991426950228
1145991434189997	1145991459920151	1145991435877997
1145991445062843	1145991468239228	1145991445821689
1145991450109305	1145991476560458	1145991451965612
1145991459297074	1145991484869920	1145991461467535
1145991468264381	1145991493374843	1145991470600381
1145991476174612	1145991501522920	1145991478205305
1145991485438228	1145991509817381	1145991486766535
1145991492685074	1145991518156689	1145991494154228
1145991501026843	1145991526452766	1145991502522843
1145991509927228	1145991534772381	1145991512070305
1145991518214612	1145991543075535	1145991519514612
1145991525671535	1145991551396689	1145991527635535
1145991535178228	1145991559787228	1145991536138920
1145991540728458	1145991568109689	1145991543050228
1145991550045381	1145991576349381	1145991551561305
1145991558597920	1145991584687766	1145991560550920
1145991569563766	1145991593217920	1145991570628997
1145991576666843	1145991601368074	1145991579397074
1145991583888997	1145991609626228	1145991586018305
1145991592192074	1145991617997920	1145991594170228
1145991600870843	1145991626376766	1145991603088997
1145991610204458	1145991634618843	1145991611316074
1145991621611458	1145991642890920	1145991622588766
1145991625861997	1145991651199151	1145991627918228
1145991635551228	1145991659515766	1145991636747458
1145991641933920	1145991667832151	1145991643916074
1145991649359458	9223372036854775807	1145991651617074
