8333333
1145984764119458	1145984789625689	1145984765189920
1145984773149304	1145984797987227	1145984774471843
1145984780161920	1145984806244458	1145984782001612
1145984789170535	1145984814542843	1145984791216150
1145984797333689	1145984822915458	1145984799038843
1145984807430535	1145984831214612	1145984808185920
1145984813952458	1145984839496766	1145984815685073
1145984821890612	1145984847818843	1145984823338612
1145984830210612	1145984856181612	1145984832292766
1145984838597381	1145984864517689	1145984840208073
1145984847162920	1145984872783535	1145984848572766
1145984855585920	1145984881146227	1145984857456073
1145984864261304	1145984889404996	1145984865680150
1145984872317689	1145984897717996	1145984873828150
1145984880617920	1145984906167535	1145984882331227
1145984888256458	1145984914359535	1145984890225996
1145984897622227	1145984922661920	1145984899018612
1145984905427150	1145984930993381	1145984906964073
1145984913561996	1145984939367458	1145984915661381
1145984922498920	1145984947660150	1145984924371150
1145984930619535	1145984955931227	1145984932737304
1145984939167458	1145984964251150	1145984940819843
1145984947717920	1145984972567535	1145984948957304
1145984955629689	1145984980897689	1145984957431458
1145984963920689	1145984989498612	1145984965593689
1145984972400996	1145984997572381	1145984974244458
1145984982102843	1145985005831150	1145984983428689
1145984990122612	1145985014148689	1145984991714612
1145984997864381	1145985022464381	1145984999138304
1145985006007227	1145985030801996	1145985007824996
1145985014669996	1145985039239150	1145985016221996
1145985022541996	1145985047426304	1145985024261920
1145985030201073	1145985055762920	1145985031820150
1145985039155227	1145985064175766	1145985041273073
1145985046568996	1145985072372458	1145985048104689
1145985056316689	1145985080692689	1145985058186304
1145985066581689	1145985089537304	1145985068320766
1145985073033920	1145985097312381	1145985074785920
1145985079648996	1145985105640766	1145985081407458
1145985088911150	1145985113961996	1145985090457073
1145985095921381	1145985122288150	1145985097451150
1145985104537996	1145985130602920	1145985106091150
1145985113608996	1145985138907766	1145985115253920
1145985121041689	1145985147334612	1145985122930227
1145985129569612	1145985155533381	1145985131464381
1145985138874535	1145985163852766	1145985140208766
1145985146303843	1145985172169996	1145985148166227
1145985155337689	1145985180512689	1145985157041612
1145985162637073	1145985188842227	1145985164466304
1145985172557304	1145985197120689	1145985174118227
1145985180446227	1145985205438304	1145985181991150
1145985189477920	1145985213744766	1145985190727535
1145985197098920	1145985222070920	1145985198898227
1145985204938843	1145985230386535	1145985206383458
1145985221934535	1145985238725920	1145985228104689
1145985223836996	1145985247141073	1145985229966612
1145985230935535	1145985255342920	1145985233106304
1145985237203458	1145985263644458	1145985239519766
1145985246399843	1145985271974920	1145985248484766
1145985254902612	1145985280332381	1145985256789304
1145985262122227	1145985288596689	1145985263968689
1145985274245996	1145985296926920	1145985275854612
1145985279370227	1145985305390227	1145985282247843
1145985287051458	1145985313552073	1145985289149304
1145985295976150	1145985321866843	1145985298084766
1145985305735843	1145985330193689	1145985307392766
1145985314002304	1145985338504073	1145985315879150
1145985320583227	1145985346838535	1145985322172458
1145985329932150	1145985355136689	1145985331197612
1145985338472073	1145985363455458	1145985339991843
1145985346283227	1145985371803150	1145985348303150
1145985356198227	1145985380091150	1145985357437073
1145985363051843	1145985388406612	1145985364678227
1145985371248458	1145985396723458	1145985373046612
1145985379030227	1145985405024150	1145985380920766
1145985388293073	1145985413355843	1145985389143458
1145985395134843	1145985421693381	1145985397199843
1145985402953073	1145985430060689	1145985404930843
1145985410800381	1145985438296766	1145985413098920
1145985419395150	1145985446625073	1145985421516381
1145985427986535	1145985454981997	1145985430110612
1145985436956766	1145985463247535	1145985438906843
1145985446235458	1145985471570535	1145985448088458
1145985453963535	1145985479885381	1145985455762612
1145985463050843	1145985488237997	1145985465092997
1145985471030920	1145985496537689	1145985473157997
1145985478780458	1145985504833997	1145985480901073
1145985487009920	1145985513233073	1145985488905689
1145985495764073	1145985521596381	1145985497766612
1145985504677381	1145985529784381	1145985506427458
1145985514135766	1145985538115458	1145985515851150
1145985521316150	1145985546413304	1145985523973381
1145985529048458	1145985554735535	1145985531232766
1145985537428458	1145985563065997	1145985539074535
1145985545593073	1145985571362227	1145985547148073
1145985553298843	1145985579670227	1145985555507535
1145985561528997	1145985587991227	1145985563687843
1145985569158304	1145985596313073	1145985571295227
1145985576802612	1145985604632689	1145985579004766
1145985586232689	1145985613070920	1145985588218843
1145985595337920	1145985621257689	1145985597617689
1145985603708458	1145985629575150	1145985605811843
1145985612440766	1145985637971766	1145985614164073
1145985620921920	1145985646207150	1145985622928150
1145985628639766	1145985654688458	1145985631352689
1145985638079227	1145985662829997	1145985639502612
1145985646243150	1145985671181304	1145985647497612
1145985653754227	1145985679488997	1145985655230920
1145985662349381	1145985687814843	1145985664129689
1145985670451150	1145985696120381	1145985672461073
1145985678752150	1145985704412073	1145985680610535
1145985686873612	1145985712771458	1145985688249920
1145985695716381	1145985721055227	1145985696629997
1145985704487227	1145985729361381	1145985705360073
1145985711955227	1145985737704073	1145985713925920
1145985731974920	1145985745993073	1145985733771535
1145985735722612	1145985754306843	1145985737153612
1145985738018227	1145985762624381	1145985739333997
1145985745426843	1145985770955843	1145985747367150
1145985753143535	1145985779260073	1145985754966612
1145985761326227	1145985787588766	1145985763380766
1145985770465381	1145985795897304	1145985772901381
1145985778130843	1145985804245381	1145985779849304
1145985789084073	1145985812513920	1145985788823535
1145985796196766	1145985820835227	1145985796533689
1145985803054920	1145985829193073	1145985804936150
1145985811313304	9223372036854775807	1145985812740073
