8333333
1146172417795469	1146172443114623	1146172419624777
1146172434515238	1146172451420700	1146172436917008
1146172437665008	1146172459737008	1146172438657315
1146172441512392	1146172468154546	1146172443675546
1146172449929085	1146172476377085	1146172451926623
1146172460300085	1146172484698315	1146172461304392
1146172468641085	1146172493035854	1146172470008700
1146172476082931	1146172501355162	1146172477865392
1146172483669085	1146172509671238	1146172485574315
1146172492333085	1146172517991777	1146172494698546
1146172503473315	1146172526287546	1146172503809623
1146172512486008	1146172534659469	1146172512190854
1146172516869700	1146172542929008	1146172518647777
1146172525494238	1146172551260469	1146172527809008
1146172533801623	1146172559569315	1146172536246008
1146172542890931	1146172567885008	1146172543867777
1146172553048162	1146172576229315	1146172553820392
1146172559521315	1146172584522008	1146172560393392
1146172568217700	1146172592834854	1146172568945085
1146172575411162	1146172601152392	1146172577136777
1146172583182623	1146172609471238	1146172585041008
1146172592185315	1146172617795546	1146172594028162
1146172601824392	1146172626112469	1146172603202854
1146172608365700	1146172634452162	1146172609984085
1146172616491469	1146172642787546	1146172618358854
1146172625360162	1146172651086623	1146172626809315
1146172633876700	1146172659394315	1146172635758315
1146172643991546	1146172667693085	1146172645221085
1146172650075238	1146172676077623	1146172651984392
1146172661027238	1146172684356469	1146172662001392
1146172669283854	1146172692667777	1146172668893008
1146172676587469	1146172700982238	1146172677254238
1146172683490008	1146172709428777	1146172685460392
1146172691341700	1146172717613085	1146172693369623
1146172701046008	1146172725946931	1146172702205085
1146172709130238	1146172734257931	1146172710473700
1146172717568392	1146172742604162	1146172718877700
1146172724930008	1146172750867777	1146172726837008
1146172734669700	1146172759236162	1146172735826008
1146172742757008	1146172767514008	1146172744182931
1146172750578008	1146172775853392	1146172752222315
1146172758361623	1146172784274623	1146172759851162
1146172767652777	1146172792528392	1146172769339777
1146172777578008	1146172800796469	1146172777910238
1146172783919854	1146172809103238	1146172785843238
1146172794610623	1146172817430238	1146172794641623
1146172801455238	1146172825793392	1146172802197700
1146172808694931	1146172834068469	1146172809899777
1146172816890546	1146172842372700	1146172818785623
1146172826392777	1146172850728469	1146172827218854
1146172835356700	1146172859207469	1146172836199854
1146172841683162	1146172867388777	1146172843556392
1146172849740469	1146172875650931	1146172851782546
1146172859677008	1146172883968392	1146172861297931
1146172866668392	1146172892294623	1146172868313700
1146172874462315	1146172900625392	1146172876209315
1146172884175777	1146172908923469	1146172885944392
1146172894076392	1146172917258546	1146172895734854
1146172899697085	1146172925570623	1146172901206931
1146172908387854	1146172933882854	1146172910324469
1146172916718546	1146172942358623	1146172917910854
1146172925197008	1146172950612469	1146172926624469
1146172942107854	1146172958828085	1146172944668700
1146172945200700	1146172967225623	1146172946572085
1146172948600469	1146172975479854	1146172950701392
1146172958459854	1146172983857931	1146172960577392
1146172967117931	1146172992094931	1146172968333008
1146172974724777	1146173000429315	1146172976698854
1146172983941623	1146173008741623	1146172985692469
1146172991360162	1146173017046315	1146172993229315
1146172999180700	1146173025366931	1146173000939469
1146173007384085	1146173033684469	1146173009380162
1146173014902238	1146173042002623	1146173017015854
1146173023180085	1146173050331238	1146173025242931
1146173031333315	1146173058672469	1146173033564085
1146173039487162	1146173066960392	1146173041707162
1146173050027546	1146173075287469	1146173051625623
1146173058067238	1146173083619238	1146173059876700
1146173066063238	1146173091913315	1146173068202854
1146173075501392	1146173100296085	1146173077106315
1146173084358854	1146173108599854	1146173085606623
1146173090715777	1146173116873008	1146173092649623
1146173099350546	1146173125187469	1146173101284162
1146173107578546	1146173133557700	1146173109395162
1146173116077085	1146173141850238	1146173117379469
1146173124268700	1146173150221623	1146173126218546
1146173132812392	1146173158471546	1146173134772700
1146173143645008	1146173166773392	1146173143813623
1146173149679546	1146173175086546	1146173151369700
1146173158922854	1146173183422008	1146173160798854
1146173165143854	1146173191769008	1146173166939546
1146173173191854	1146173200081008	1146173175304392
1146173180851238	1146173208360469	1146173182865085
1146173189667162	1146173216683238	1146173191789700
1146173198150238	1146173225011469	1146173200308162
1146173206479238	1146173233323238	1146173208752162
1146173215562238	1146173241699162	1146173217276700
1146173223588700	1146173249972777	1146173225383162
1146173233451854	1146173258278854	1146173234791238
1146173241083162	1146173266591854	1146173242337623
1146173250068700	1146173274910854	1146173251558238
1146173257992392	1146173283224085	1146173259600085
1146173266037085	1146173291552085	1146173267786623
1146173274342623	1146173299865008	1146173276325931
1146173282841392	1146173308189931	1146173284234008
1146173292325623	1146173316494238	1146173292953623
1146173299998854	1146173324811469	1146173300736700
1146173307271238	1146173333134238	1146173308981315
1146173316221700	1146173341504162	1146173317708700
1146173323447854	1146173349767854	1146173325410623
1146173333612392	1146173358093392	1146173334394931
1146173340836700	1146173366401931	1146173342046931
1146173349550623	1146173374735777	1146173351091546
1146173357261623	1146173383044777	1146173359165392
1146173367201931	1146173391424469	1146173368995162
1146173373954315	1146173399741700	1146173375734546
1146173382658008	1146173408011854	1146173384289085
1146173390820469	1146173416330854	1146173392754546
1146173399761315	1146173424690546	1146173401433392
1146173407088700	1146173433013008	1146173408524469
1146173414594008	1146173441304162	1146173416340469
1146173423783777	1146173449641700	1146173426068700
1146173432715469	1146173458063777	1146173434942623
1146173450499854	1146173466251238	1146173457464162
1146173452413931	1146173474568700	1146173458849392
1146173459882546	1146173482886315	1146173462349623
1146173464965085	9223372036854775807	1146173466111854
