8333333
1146201701771240	1146201727510625	1146201705950625
1146201708405009	1146201735827856	1146201710539163
1146201717966548	1146201744155856	1146201719882548
1146201726746317	1146201752465932	1146201728439240
1146201735250548	1146201760814932	1146201736810240
1146201743634856	1146201769182009	1146201745513702
1146201751888086	1146201777413702	1146201753353009
1146201760323779	1146201785744471	1146201762172471
1146201769484471	1146201794054240	1146201770762009
1146201776578009	1146201802367471	1146201778314856
1146201785070009	1146201810689009	1146201786417932
1146201793624163	1146201819012163	1146201794971163
1146201802027548	1146201827311163	1146201803739471
1146201810533932	1146201835627471	1146201812762317
1146201818384779	1146201844041009	1146201820424779
1146201827343856	1146201852254240	1146201829470317
1146201835866548	1146201860613932	1146201837480163
1146201843828471	1146201868928702	1146201845337086
1146201861092471	1146201877230548	1146201865835240
1146201863417625	1146201885542625	1146201867428702
1146201868545009	1146201893860471	1146201870962548
1146201876863163	1146201902171779	1146201878982856
1146201884420702	1146201910484702	1146201886313009
1146201893360471	1146201918802932	1146201894783548
1146201901965317	1146201927115548	1146201903359163
1146201909545086	1146201935432471	1146201911328779
1146201918057086	1146201943769009	1146201920150009
1146201925905394	1146201952134856	1146201927875779
1146201934288702	1146201960378856	1146201936299548
1146201943009317	1146201968703471	1146201945299856
1146201954716779	1146201977032086	1146201955465317
1146201959666856	1146201985347779	1146201961985932
1146201969358548	1146201993736779	1146201971647548
1146201976392702	1146202002033932	1146201978642856
1146201984648394	1146202010325932	1146201986980394
1146201993013932	1146202018598625	1146201994731240
1146202000093702	1146202026921394	1146202002039163
1146202009260471	1146202035261394	1146202010989625
1146202018033702	1146202043646240	1146202020134548
1146202024905009	1146202051854548	1146202028119240
1146202034553009	1146202060180702	1146202036852394
1146202041048163	1146202068500471	1146202043304779
1146202051683856	1146202076821394	1146202053845009
1146202060409394	1146202085119471	1146202062314856
1146202069203240	1146202093436163	1146202070990317
1146202076768163	1146202101794317	1146202078630317
1146202084314240	1146202110124471	1146202086704086
1146202093106009	1146202118575240	1146202095166625
1146202101152779	1146202126710625	1146202103180394
1146202109589625	1146202135016702	1146202111480702
1146202118120702	1146202143377933	1146202119543779
1146202126002009	1146202151660394	1146202128210625
1146202134102625	1146202159982625	1146202136267240
1146202142346625	1146202168290548	1146202144527779
1146202150338625	1146202176628394	1146202152377394
1146202159840702	1146202184920394	1146202161402625
1146202168235471	1146202193273086	1146202169781625
1146202177385625	1146202201560086	1146202178723471
1146202185416086	1146202209869009	1146202186770009
1146202194576471	1146202218189702	1146202194452163
1146202200209933	1146202226503240	1146202202248394
1146202210576702	1146202234904163	1146202211035779
1146202217442317	1146202243139240	1146202219220086
1146202226550009	1146202251502009	1146202228945394
1146202235044702	1146202259772394	1146202236153317
1146202242116471	1146202268091471	1146202244099240
1146202249880779	1146202276421317	1146202251723471
1146202260468163	1146202284720163	1146202261790625
1146202268141086	1146202293040394	1146202269479471
1146202275611548	1146202301383856	1146202277974317
1146202283926548	1146202309665394	1146202285993933
1146202291858317	1146202318019163	1146202293795240
1146202300416702	1146202326318240	1146202302470009
1146202308507240	1146202334710009	1146202310510856
1146202317821625	1146202343001702	1146202319417625
1146202325507856	1146202351251548	1146202326783548
1146202333687548	1146202359571471	1146202335068163
1146202340818856	1146202367881317	1146202342849625
1146202349301625	1146202376206009	1146202351514240
0	1146202384518548	1146202373354317
1146202371457317	1146202392832086	1146202374995779
1146202375479856	1146202401201009	1146202376927779
1146202383045702	1146202409466009	1146202385293086
1146202391423548	1146202417779471	1146202393623163
1146202399456702	1146202426096779	1146202401424779
1146202407280086	1146202434452163	1146202409320471
1146202416101009	1146202442787163	1146202418148163
1146202424877009	1146202451045933	1146202426825933
1146202432754548	1146202459398548	1146202434935856
1146202440000163	1146202467674625	1146202442173009
1146202449289317	1146202476032779	1146202451333009
1146202457697933	1146202484312471	1146202459603240
1146202465996779	1146202492631163	1146202468059548
1146202474796163	1146202500943779	1146202477031779
1146202482834317	1146202509257086	1146202484873086
1146202491321702	1146202517580471	1146202493685933
1146202499416702	1146202525900086	1146202501379779
1146202506936779	1146202534205317	1146202508938240
1146202515286933	1146202542528471	1146202517427856
1146202523668163	1146202550846548	1146202525814317
1146202532998009	1146202559218317	1146202534574240
1146202541121086	1146202567476779	1146202543085702
1146202549243856	1146202575851471	1146202551182625
1146202558414856	1146202584121702	1146202560292394
1146202566318240	1146202592481317	1146202568891548
1146202574836086	1146202600751163	1146202576838317
1146202584384086	1146202609109933	1146202585650240
1146202591799240	1146202617415471	1146202593408471
1146202600968394	1146202625823471	1146202602191779
1146202608454240	1146202634085625	1146202610791548
1146202616623548	1146202642321317	1146202619033394
1146202626095163	1146202650634317	1146202627957009
1146202633520086	1146202658970933	1146202635419548
1146202641662856	1146202667281086	1146202643883471
1146202647871548	1146202675583163	1146202650025317
1146202658156779	1146202683937625	1146202660109702
1146202667285009	1146202692282933	1146202669141702
1146202674407471	1146202700534009	1146202676373086
1146202683190009	1146202708915240	1146202685114548
1146202691775163	1146202717181625	1146202693823471
1146202699766933	1146202725481394	1146202701539240
1146202710385933	1146202733803471	1146202711792394
1146202717960779	1146202742199163	1146202719293933
1146202725951471	1146202750434933	1146202727667856
1146202733864163	1146202758777702	1146202735413702
1146202742185009	1146202767058856	1146202743804702
1146202749529086	9223372036854775807	1146202751574933
