8333333
1145961381017610	1145961402565995	1145961382000072
1145961384619149	1145961410819149	1145961386422303
1145961392806841	1145961419135226	1145961394804380
1145961400761995	1145961427447457	1145961402592072
1145961410271841	1145961435774303	1145961411590534
1145961418062226	1145961444085918	1145961420189918
1145961426173303	1145961452474534	1145961428208072
1145961435600149	1145961460732457	1145961437872764
1145961443112687	1145961469163534	1145961445521610
1145961451433072	1145961477367149	1145961453405610
1145961459971764	1145961485697687	1145961462093995
1145961468384149	1145961493999534	1145961470096995
1145961476952764	1145961502313303	1145961478745072
1145961485830841	1145961510645380	1145961487622918
1145961493039764	1145961518960764	1145961495241687
1145961501785687	1145961527336995	1145961504116764
1145961511689072	1145961535572072	1145961512839226
1145961518167764	1145961543921380	1145961519817303
1145961526662610	1145961552240764	1145961528750610
1145961535253303	1145961560541918	1145961537438534
1145961543698918	1145961568924687	1145961545858534
1145961551343534	1145961577168687	1145961553619149
1145961563444457	1145961585483841	1145961565631226
1145961568479534	1145961593820072	1145961570546841
1145961576386226	1145961602116072	1145961578612457
1145961585480764	1145961610427534	1145961587204380
1145961593926303	1145961618872687	1145961595520457
1145961602276380	1145961627073918	1145961603447764
1145961609472072	1145961635387457	1145961611681687
1145961617480149	1145961643703841	1145961619956072
1145961627607226	1145961652015841	1145961629414841
1145961635745380	1145961660342610	1145961637320072
1145961642814610	1145961668717610	1145961645032072
1145961650609995	1145961676985380	1145961652498303
1145961659575226	1145961685281610	1145961661617610
1145961668719764	1145961693660149	1145961670081687
1145961676799534	1145961701926226	1145961678290610
1145961685083457	1145961710247534	1145961687015841
1145961693632995	1145961718565380	1145961695175841
1145961701180687	1145961726869072	1145961702940380
1145961710405303	1145961735212457	1145961711572995
1145961720618918	1145961743528687	1145961722321303
1145961727096380	1145961751838841	1145961729076072
1145961734599457	1145961760173303	1145961736174841
1145961743546610	1145961768497072	1145961744683149
1145961752482534	1145961776845918	1145961753966918
1145961759616072	1145961785135841	1145961760921072
1145961769750226	1145961793471149	1145961771529918
1145961775873687	1145961801785303	1145961777780072
1145961783738226	1145961810097995	1145961785739764
1145961793463841	1145961818421995	1145961794705687
1145961801151226	1145961826792995	1145961803013995
1145961810107149	1145961835063226	1145961811573995
1145961817459149	1145961843391764	1145961818992995
1145961826403841	1145961851700995	1145961828171534
1145961835101918	1145961860028072	1145961836500687
1145961842122841	1145961868333918	1145961844100687
1145961850528149	1145961876649687	1145961852701303
1145961860446226	1145961885045918	1145961861897687
1145961867729995	1145961893448072	1145961869491457
0	1145961901603457	1145961892714534
1145961890675764	1145961910053610	1145961894317380
1145961895807534	1145961918240457	1145961898010303
1145961899852764	1145961926573687	1145961901225918
1145961908564380	1145961934877303	1145961910968072
1145961918208764	1145961943198610	1145961919906918
1145961926726841	1145961951561687	1145961928397687
1145961934270303	1145961959832380	1145961936406610
1145961941817072	1145961968175226	1145961943813918
1145961950526610	1145961976457918	1145961952566918
1145961959936149	1145961984781610	1145961961114226
1145961967353918	1145961993088457	1145961968813995
1145961974721380	1145962001404995	1145961976699534
1145961983069610	1145962009722841	1145961985370226
1145961990698303	1145962018045072	1145961993038534
1145961999216764	1145962026363226	1145962001405918
1145962008353380	1145962034685610	1145962010519149
1145962016427226	1145962042993995	1145962017781303
1145962024958226	1145962051326534	1145962027156457
1145962033253303	1145962059636687	1145962035563534
1145962041651764	1145962067985303	1145962043654918
1145962050107226	1145962076266610	1145962051886610
1145962059536995	1145962084581995	1145962061472149
1145962066087764	1145962092939841	1145962068245918
1145962074852764	1145962101232457	1145962076596764
1145962083459226	1145962109734611	1145962085637072
1145962092239226	1145962117861072	1145962094069610
1145962100533380	1145962126376687	1145962102607457
1145962108282611	1145962134642534	1145962110668149
1145962116279226	1145962142813072	1145962118242534
1145962125222841	1145962151128995	1145962127326841
1145962133300764	1145962159485303	1145962135542841
1145962141569072	1145962167805303	1145962144568764
1145962149765611	1145962176083457	1145962151740764
1145962158310226	1145962184400995	1145962160343841
1145962166574226	1145962192719457	1145962168486226
1145962174042226	1145962201032149	1145962176270611
1145962183503226	1145962209351534	1145962185397918
1145962191693303	1145962217681995	1145962193552457
1145962200581687	1145962225982534	1145962202541380
1145962209229687	1145962234301918	1145962210387226
1145962218522841	1145962242621687	1145962220167534
1145962226251841	1145962250936995	1145962228128687
1145962233882226	1145962259286534	1145962235870303
1145962241090303	1145962267571457	1145962243176072
1145962250305995	1145962275886918	1145962252217380
1145962258454918	1145962284216687	1145962260324995
1145962266737995	1145962292530611	1145962268796995
1145962274332380	1145962300864457	1145962276257611
1145962282434534	1145962309161380	1145962284637995
1145962291353303	1145962317477072	1145962293129687
1145962299065072	1145962325796764	1145962301026226
1145962308701687	1145962334127149	1145962310633687
1145962317156764	1145962342479841	1145962319350918
1145962324528380	1145962350799457	1145962326461072
1145962333338841	1145962359161687	1145962335095534
1145962342985303	1145962367401303	1145962344411149
1145962350561303	1145962375690303	1145962352094918
1145962358952380	1145962384031534	1145962360843457
1145962367529303	1145962392375457	1145962368991841
1145962374277303	1145962400672072	1145962376133918
0	1145962408979841	1145962400466611
1145962399192687	1145962417319457	1145962402044995
1145962402711457	1145962425592995	1145962403732072
1145962407196995	1145962433992457	1145962409081380
1145962415607841	1145962442233380	1145962417334303
1145962423968149	9223372036854775807	1145962425840380
