8333333
1146013988885383	1146014014695767	1146013990498844
1146013996897306	1146014023014921	1146013999112460
1146014005229998	1146014031353306	1146014007580075
1146014014552998	1146014039650537	1146014016579152
1146014025394229	1146014048013691	1146014027116075
1146014030812075	1146014056296152	1146014031813691
1146014038213614	1146014064594921	1146014040445075
1146014047214306	1146014072951767	1146014049906229
1146014055469306	1146014081241998	1146014057746306
1146014064956767	1146014089548075	1146014066892383
1146014072357306	1146014097859844	1146014074036460
1146014080139767	1146014106178921	1146014082354537
1146014088961075	1146014114507844	1146014091157691
1146014097568152	1146014122801383	1146014100432998
1146014106248460	1146014131136767	1146014108261921
1146014113528152	1146014139441075	1146014115701921
1146014123985691	1146014147756998	1146014125992075
1146014139989921	1146014156061921	1146014141802921
1146014142678306	1146014164448383	1146014144768767
1146014144795844	1146014172704998	1146014146284152
1146014154385921	1146014181021691	1146014156320152
1146014163329383	1146014189424152	1146014165324383
1146014171510921	1146014197732767	1146014173558229
1146014181131844	1146014205966537	1146014182353306
1146014189526921	1146014214292460	1146014191018614
1146014197177921	1146014222597691	1146014198715460
1146014205286614	1146014230929691	1146014206795460
1146014214138306	1146014239226229	1146014215590537
1146014222683844	1146014247589691	1146014224185383
1146014230134306	1146014255851767	1146014231612152
1146014238846306	1146014264293075	1146014240234921
1146014248173921	1146014272519152	1146014249252767
1146014255168998	1146014280796767	1146014257186229
1146014264479844	1146014289141306	1146014265842537
1146014272553921	1146014297468998	1146014273794306
1146014281206921	1146014305751844	1146014282611767
1146014291209691	1146014314081075	1146014292591537
1146014297290921	1146014322387844	1146014298763152
1146014305907152	1146014330693998	1146014307277614
1146014313723152	1146014339003844	1146014315612767
1146014321169921	1146014347321921	1146014323118306
1146014330778844	1146014355659844	1146014332201998
1146014338445383	1146014363973306	1146014340056998
1146014347588152	1146014372269691	1146014348545075
1146014356228383	1146014380649306	1146014357107844
1146014362940075	1146014388935767	1146014364973921
1146014372402614	1146014397385691	1146014374684383
1146014380875460	1146014405647152	1146014383273691
1146014388679767	1146014413858614	1146014390174537
1146014397638844	1146014422167460	1146014398861383
1146014404756691	1146014430486306	1146014406625383
1146014413439152	1146014438869075	1146014415353921
1146014421608152	1146014447115767	1146014423893614
1146014429610921	1146014455420383	1146014432145383
1146014438462229	1146014463739460	1146014440778306
1146014447103844	1146014472085075	1146014448926537
1146014455299460	1146014480462229	1146014456896460
1146014463469306	1146014488722614	1146014465282614
1146014471378921	1146014497043229	1146014473448691
1146014479477921	1146014505329383	1146014481445998
1146014487348460	1146014513641691	1146014489556152
1146014497221383	1146014522103767	1146014498977306
1146014504448075	1146014530274229	1146014506442921
1146014513281306	1146014538622537	1146014515286921
1146014521223152	1146014546944152	1146014523063152
1146014529841075	1146014555207460	1146014531893306
1146014537497075	1146014563519229	1146014539588075
1146014546298229	1146014571838537	1146014547767844
1146014553716075	1146014580155844	1146014555554844
1146014561029921	1146014588483844	1146014563191152
1146014570018614	1146014596871152	1146014572208767
1146014578186306	1146014605123460	1146014580310921
1146014586229998	1146014613420152	1146014588450844
1146014594412152	1146014621788767	1146014596722614
1146014604604383	1146014630181306	1146014606445614
1146014613222306	1146014638365306	1146014615253998
1146014621503767	1146014646701383	1146014623226614
1146014629175844	1146014655112383	1146014631493998
1146014645299229	1146014663322229	1146014647611767
1146014648219152	1146014671640152	1146014649425921
1146014655178921	1146014680042844	1146014656617075
1146014661791767	1146014688303767	1146014663871844
1146014671180075	1146014696627229	1146014672980998
1146014679576075	1146014704907152	1146014682286229
1146014688206844	1146014713211152	1146014690511767
1146014696209075	1146014721525614	1146014697982306
1146014702859152	1146014729860691	1146014705198844
1146014711955229	1146014738157921	1146014714383229
1146014719683844	1146014746472075	1146014721701998
1146014728502844	1146014754784383	1146014730454921
1146014736736998	1146014763114306	1146014738618844
1146014744749921	1146014771462844	1146014746761998
1146014753213075	1146014779772383	1146014755067537
1146014762089691	1146014788201921	1146014763874229
1146014770798537	1146014796451537	1146014772477691
1146014778979460	1146014804743229	1146014781075844
1146014787220152	1146014813009691	1146014789449921
1146014795541998	1146014821312460	1146014797851537
1146014804851767	1146014829664460	1146014806523767
1146014813437998	1146014837944998	1146014814969075
1146014820163229	1146014846256767	1146014821952383
1146014829497921	1146014854660460	1146014831726614
1146014837078614	1146014863088460	1146014839181691
1146014846385998	1146014871231767	1146014848496691
1146014853830229	1146014879523152	1146014855661691
1146014861672383	1146014887851767	1146014863745306
1146014870257614	1146014896176152	1146014872189998
1146014879824998	1146014904476998	1146014881652383
1146014887916998	1146014912865614	1146014891066306
1146014896344691	1146014921223152	1146014898048383
1146014902259767	1146014929430229	1146014904449998
1146014909856691	1146014937734537	1146014912369691
1146014918327844	1146014946049614	1146014920516383
1146014928450229	1146014954512691	1146014930865614
1146014937861921	1146014962678229	1146014940111152
1146014946155537	1146014971018921	1146014948105921
1146014953079152	1146014979313383	1146014955371460
1146014962843152	1146014987692998	1146014964768767
1146014969660691	1146014995967460	1146014971909075
1146014978870537	1146015004312383	1146014981305998
1146014986515767	1146015012653614	1146014989157306
1146014995542921	1146015020964768	1146014998063460
1146015003207152	1146015029319844	1146015005325614
1146015012516768	1146015037535152	1146015014466921
1146015019710614	1146015045845306	1146015021845921
1146015028450306	1146015054180691	1146015030466844
1146015035870229	9223372036854775807	1146015038150921
