8333333
1146025740959153	1146025766302307	1146025742670845
1146025748812691	1146025774661922	1146025750812153
1146025758665384	1146025782927230	1146025759718537
1146025765506230	1146025791240384	1146025767607230
1146025774506922	1146025799568768	1146025776397691
1146025783108153	1146025807906922	1146025784598922
1146025790016691	1146025816206537	1146025791492768
0	1146025824542614	1146025813907230
1146025811771537	1146025832839845	1146025816194922
1146025818215460	1146025841163845	1146025820370537
1146025823880691	1146025849484076	1146025825120460
1146025832257384	1146025857785922	1146025834192076
1146025839983460	1146025866127153	1146025841686922
1146025848397614	1146025874535230	1146025850275460
1146025857522307	1146025882899845	1146025859103537
1146025866264076	1146025891052076	1146025867860076
1146025874762614	1146025899369384	1146025876170537
1146025883683537	1146025907686307	1146025884952999
1146025891147460	1146025916055460	1146025893103537
1146025898489076	1146025924608691	1146025900329691
1146025908533307	1146025932631845	1146025909706230
1146025914764460	1146025940965922	1146025916892076
1146025922964076	1146025949281384	1146025925303230
1146025931778307	1146025957600691	1146025933993691
1146025942209307	1146025965904076	1146025943858845
1146025949444768	1146025974217999	1146025951561999
1146025958220076	1146025982579537	1146025960228384
1146025966425922	1146025990850537	1146025967885999
1146025974694922	1146025999180691	1146025976200768
1146025982886307	1146026007537384	1146025984535768
1146025990086537	1146026015803845	1146025992300460
1146025999347153	1146026024331230	1146026001060768
1146026007564460	1146026032425691	1146026008492384
1146026015472691	1146026040753384	1146026017323230
1146026022970845	1146026049069614	1146026025271768
1146026032481384	1146026057377691	1146026034615153
1146026040814537	1146026065695845	1146026042575537
1146026047995230	1146026074028999	1146026050281999
1146026056609999	1146026082350537	1146026059038537
1146026065913691	1146026090673384	1146026067886230
1146026074233614	1146026098952460	1146026075917999
1146026082654537	1146026107384460	1146026084565307
1146026090684691	1146026115583537	1146026092481384
1146026098909691	1146026123960999	1146026100681999
1146026106249307	1146026132250614	1146026108555845
1146026115726922	1146026140608691	1146026117824153
1146026123977691	1146026148854230	1146026125843845
1146026132517691	1146026157206307	1146026134088768
1146026140718230	1146026165475153	1146026142332460
1146026148971153	1146026173799537	1146026150802537
1146026156571153	1146026182109384	1146026158435845
1146026164268384	1146026190435537	1146026165879537
1146026172867460	1146026198760691	1146026174470307
1146026181511537	1146026207066230	1146026183192691
1146026189707230	1146026215425691	1146026191296999
1146026197816999	1146026223699460	1146026199712691
1146026209186537	1146026232020384	1146026209986845
1146026214326922	1146026240324384	1146026216172999
1146026222769999	1146026248642614	1146026224971230
1146026233524460	1146026256956076	1146026234719537
1146026240760153	1146026265294922	1146026241557999
1146026248600384	1146026273590845	1146026249663460
1146026256419537	1146026281966307	1146026258324153
1146026264515845	1146026290226922	1146026266575153
1146026273187460	1146026298571537	1146026274527230
1146026281833691	1146026306853999	1146026283238537
1146026288955768	1146026315170922	1146026290592768
1146026299069307	1146026323499460	1146026300347460
1146026316874845	1146026331813999	1146026318042230
1146026320973614	1146026340126537	1146026322352999
1146026324282230	1146026348445691	1146026325280691
1146026330501614	1146026356745307	1146026332474845
1146026341746307	1146026365192999	1146026342629922
1146026346384691	1146026373380768	1146026348515537
1146026356825307	1146026381694614	1146026357985614
1146026362850614	1146026390133307	1146026365044691
1146026371278614	1146026398335845	1146026373281691
1146026379540076	1146026406800460	1146026381564384
1146026389074922	1146026414981076	1146026391080153
1146026396303768	1146026423389922	1146026398397614
1146026405982614	1146026431613999	1146026407853922
1146026414537614	1146026439963768	1146026416490537
1146026422355230	1146026448225999	1146026424403768
1146026430600076	1146026456563460	1146026432371845
1146026438940384	1146026465149384	1146026441049999
1146026449771460	1146026473220768	1146026450708999
1146026456448999	1146026481500076	1146026458434614
1146026465256076	1146026489872460	1146026467320153
1146026473803153	1146026498124768	1146026475556460
1146026481636691	1146026506443768	1146026483401614
1146026489747230	1146026514778614	1146026491685307
1146026497564691	1146026523068999	1146026500168768
1146026505703845	1146026531483153	1146026507670614
1146026512969307	1146026539694230	1146026514946845
1146026521219768	1146026548038845	1146026522973922
1146026529196460	1146026556332384	1146026531351537
1146026537648153	1146026564643537	1146026540032153
1146026545508384	1146026572990845	1146026547482614
1146026554902922	1146026581277999	1146026556856691
1146026562053307	1146026589666230	1146026564208153
1146026571530845	1146026597924460	1146026573586307
1146026579932999	1146026606230307	1146026581502307
1146026588126614	1146026614559768	1146026590024460
1146026597540384	1146026622865076	1146026599355460
1146026604656460	1146026631306845	1146026606810307
1146026614624384	1146026639524461	1146026616193307
1146026622696691	1146026647810537	1146026624625307
1146026630166614	1146026656126922	1146026632308691
1146026638313307	1146026664445922	1146026640105076
1146026647928076	1146026672808768	1146026649506922
1146026655662230	1146026681140768	1146026657371537
1146026663167153	1146026689454230	1146026664813614
1146026672220999	1146026697724691	1146026674281384
1146026679070614	1146026706096461	1146026680913922
1146026686572076	1146026714506922	1146026688758230
1146026696614845	1146026722677614	1146026698381076
1146026706193307	1146026730996384	1146026707624768
1146026714240691	1146026739348999	1146026716102845
1146026722092999	1146026747675845	1146026724104153
1146026730549076	1146026755925922	1146026732469614
1146026739050307	1146026764239230	1146026740852076
1146026747903768	1146026772537614	1146026749280691
1146026755501999	1146026780860691	1146026757473307
1146026764560384	1146026789181691	1146026766869999
1146026771166922	1146026797495537	1146026772976384
1146026780412691	1146026805850307	1146026782285076
1146026788520384	9223372036854775807	1146026790308384
