8333333
1145943842652071	1145943868193994	1145943844301071
1145943850927456	1145943876471456	1145943852757071
1145943859011456	1145943884738225	1145943860553071
1145943867187532	1145943893117994	1145943869108686
1145943876104456	1145943901365994	1145943878054532
1145943885224148	1145943909695225	1145943886631532
1145943892718840	1145943917999763	1145943894615225
1145943900936994	1145943926396456	1145943902921379
1145943909779456	1145943934638302	1145943911091763
1145943918301302	1145943942953071	1145943919732456
1145943926374917	1145943951276763	1145943927943225
1145943934676379	1145943959593379	1145943936534917
1145943942330609	1145943967973994	1145943943947532
1145943951762609	1145943976228379	1145943953327456
1145943958893917	1145943984538840	1145943961045686
1145943967360071	1145943992967225	1145943969280148
1145943975930302	1145944001177379	1145943977620763
1145943983865917	1145944009500994	1145943985588763
1145943992805071	1145944017814917	1145943994462917
1145944000664456	1145944026136379	1145944002323456
1145944009516994	1145944034509379	1145944011009379
1145944016427148	1145944042784456	1145944018228379
1145944025629379	1145944051147456	1145944027350302
1145944033073071	1145944059408994	1145944034973686
1145944041790533	1145944067714302	1145944043717917
1145944050375456	1145944076074302	1145944052544071
1145944061535840	1145944084381071	1145944063441609
1145944067137302	1145944092669379	1145944068175148
1145944075057917	1145944100998302	1145944077860686
1145944083325686	1145944109312994	1145944085438225
1145944091627533	1145944117630533	1145944093582609
1145944100132994	1145944125944994	1145944102089379
1145944109367456	1145944134378225	1145944111215225
0	1145944142591225	1145944131856071
1145944130599763	1145944150896686	1145944133659225
1145944134231840	1145944159235225	1145944135297917
1145944140889994	1145944167531225	1145944143096148
1145944149559533	1145944175840763	1145944151574917
1145944158606533	1145944184162917	1145944160731840
1145944168820763	1145944192522225	1145944169641917
1145944176220071	1145944200815763	1145944177673302
1145944183279148	1145944209120456	1145944184970225
1145944191714840	1145944217494533	1145944193709994
1145944200580763	1145944226005994	1145944201510302
1145944208338609	1145944234075763	1145944210267148
1145944218880994	1145944242425379	1145944219383840
1145944225712071	1145944250712071	1145944227865994
1145944233684071	1145944259036148	1145944235662609
1145944242473917	1145944267375456	1145944244434840
1145944252425302	1145944275650840	1145944253402840
1145944260566917	1145944283978302	1145944262522302
1145944268330609	1145944292295763	1145944269359456
1145944274045379	1145944300624994	1145944276069609
1145944283339148	1145944308936686	1145944285129379
1145944291010840	1145944317685994	1145944292962840
1145944301104763	1145944325560686	1145944302532148
1145944310724379	1145944333909917	1145944311448763
1145944316157071	1145944342215148	1145944318415763
1145944324724686	1145944350529917	1145944326808763
1145944333890225	1145944358915148	1145944335459456
1145944341401379	1145944367203763	1145944343124763
1145944350941379	1145944375483840	1145944352228763
1145944359188994	1145944383794225	1145944360614917
1145944366323533	1145944392172686	1145944368160456
1145944374677379	1145944400433994	1145944376223148
1145944382919148	1145944408743225	1145944384592071
1145944391622840	1145944417072686	1145944393606840
1145944400430533	1145944425382840	1145944402449071
1145944408549302	1145944433703225	1145944410373379
1145944416366225	1145944442027533	1145944417684148
1145944425318302	1145944450344686	1145944426591225
1145944435393379	1145944458925994	1145944436473071
1145944441527148	1145944466974840	1145944443594609
1145944449324994	1145944475300379	1145944451322225
1145944457544456	1145944483629071	1145944459596686
1145944466657686	1145944491916763	1145944468475763
1145944473647225	1145944500258302	1145944475693994
1145944482754302	1145944508643840	1145944484583763
1145944491828456	1145944516870225	1145944493632763
1145944498723533	1145944525208686	1145944500656071
1145944506468071	1145944533514917	1145944508550840
1145944514965609	1145944541837994	1145944517082840
1145944523456686	1145944550143533	1145944525571225
1145944531507225	1145944558491763	1145944533624071
1145944542413686	1145944566814302	1145944543766225
1145944550056071	1145944575130609	1145944551573994
1145944558527840	1145944583424379	1145944559820071
1145944566611456	1145944591739456	1145944568174609
1145944576738302	1145944600058533	1145944577546917
1145944583314225	1145944608362840	1145944584832456
1145944591029302	1145944616687763	1145944592928686
1145944599299456	1145944625014225	1145944601105686
1145944608242302	1145944633321302	1145944610719225
1145944615444994	1145944641627763	1145944617800686
1145944636424763	1145944649977994	1145944637925609
1145944639164148	1145944658443148	1145944640254533
1145944640853071	1145944666605994	1145944642398302
1145944646947456	1145944674915533	1145944649295840
1145944655866609	1145944683218917	1145944658022609
1145944665204148	1145944691539148	1145944667108071
1145944672931148	1145944699856763	1145944675184994
1145944681438533	1145944708189071	1145944683584456
1145944690323148	1145944716498225	1145944692800994
1145944702310225	1145944724813379	1145944702245917
1145944708252763	1145944733300994	1145944709572071
1145944716856379	1145944741455225	1145944718285994
1145944724200686	1145944750059456	1145944725751533
1145944732989379	1145944758075456	1145944734152686
1145944741439533	1145944766436456	1145944743270840
1145944749516763	1145944774705379	1145944750717917
1145944758232456	1145944783029609	1145944759412379
1145944765641379	1145944791339763	1145944767175456
1145944773010840	1145944799659225	1145944775032379
1145944782717302	1145944807973071	1145944784338609
1145944791782533	1145944816349609	1145944793497686
1145944799028686	1145944824620148	1145944800806225
1145944806863148	1145944833086302	1145944808756456
1145944816169302	1145944841257379	1145944817619225
1145944823741071	1145944849587533	1145944825764071
1145944831988686	1145944857944994	1145944834026840
1145944840813379	1145944866218225	1145944842673302
1145944849291148	1145944874519533	1145944850910302
1145944857162533	1145944882835840	1145944858760148
1145944866571148	1145944891147840	1145944867898225
1145944873293686	1145944899463225	1145944875060148
1145944881227533	1145944907777302	1145944883161609
1145944890580763	9223372036854775807	1145944892353917
