8333333
1146008062992075	1146008085334921	1146008064320767
1146008067299229	1146008093639152	1146008070035536
1146008075584152	1146008101983767	1146008077429382
1146008084267767	1146008110320459	1146008086756459
1146008092786306	1146008118614229	1146008094771229
1146008100932459	1146008126995152	1146008102981613
1146008109540690	1146008135223229	1146008111630613
1146008117831767	1146008143540459	1146008119965382
1146008126565690	1146008151867844	1146008128789306
1146008133272690	1146008160270229	1146008135484075
1146008141752152	1146008168485075	1146008144170613
1146008150422921	1146008176817921	1146008152612382
1146008158813075	1146008185126613	1146008160760690
1146008167564767	1146008193443536	1146008169369382
1146008177005998	1146008201761921	1146008178172690
1146008185272075	1146008210081921	1146008187109306
1146008193312690	1146008218402229	1146008195441690
1146008200754844	1146008226810921	1146008202791152
1146008209225382	1146008235021690	1146008211361690
1146008218466844	1146008243335767	1146008220300998
1146008226611536	1146008251652998	1146008228746844
1146008235043844	1146008259987152	1146008236753998
1146008243764459	1146008268312075	1146008245244459
1146008251318921	1146008276603229	1146008253031536
1146008258563459	1146008285167152	1146008260522306
1146008269100152	1146008293439459	1146008271139844
1146008275988767	1146008301602844	1146008278182536
1146008284345613	1146008309992767	1146008286731459
1146008292755844	1146008318195459	1146008295318613
1146008300891767	1146008326508382	1146008302793921
1146008309137921	1146008334872767	1146008311023229
1146008317374844	1146008343275229	1146008319369306
1146008326219844	1146008351463536	1146008329033690
1146008333949690	1146008359784382	1146008335795459
1146008343618844	1146008368129306	1146008345336998
1146008350537382	1146008376434306	1146008352429306
1146008359035459	1146008384718844	1146008361229075
1146008369080075	1146008393070921	1146008370617382
1146008376577921	1146008401364767	1146008378397998
1146008384983152	1146008409669613	1146008386569613
1146008392807152	1146008417986921	1146008394333613
1146008400506229	1146008426407229	1146008402168075
1146008409078229	1146008434624767	1146008411100459
1146008418054613	1146008442961690	1146008420673075
1146008425720152	1146008451308459	1146008428148382
1146008434041306	1146008459623459	1146008436238306
1146008442076767	1146008467920382	1146008444334229
1146008450960382	1146008476209998	1146008452881382
1146008458972459	1146008484520767	1146008461018921
1146008466900152	1146008492847844	1146008469097382
1146008475501998	1146008501151844	1146008477519459
1146008484677075	1146008509479767	1146008486609382
1146008492823229	1146008517793075	1146008494873613
1146008501218229	1146008526235767	1146008503268075
1146008508655536	1146008534468459	1146008510792075
1146008517248767	1146008542765613	1146008519353306
1146008525287767	1146008551039844	1146008527699459
1146008533197075	1146008559364690	1146008535268382
1146008542743844	1146008567704152	1146008544998921
1146008560845690	1146008576013306	1146008562333306
1146008565127767	1146008584319767	1146008566652767
1146008567620998	1146008592652152	1146008568888075
1146008574754306	1146008601001690	1146008576759844
1146008583276767	1146008609397921	1146008585240459
1146008591941383	1146008617591459	1146008593843152
1146008599927536	1146008625935459	1146008601907229
1146008608261306	1146008634279767	1146008610809690
1146008617706229	1146008642537075	1146008619684383
1146008625256998	1146008650975229	1146008627232690
1146008633203152	1146008659419152	1146008635220767
1146008641888459	1146008667888075	1146008643950306
1146008649976383	1146008675861306	1146008652091767
1146008658426536	1146008684238921	1146008660569075
1146008666600690	1146008692501613	1146008668879844
1146008675371844	1146008700792998	1146008677109613
1146008683587229	1146008709080690	1146008685867152
1146008691751536	1146008717386844	1146008694000998
1146008703868075	1146008725695844	1146008705818536
1146008708397690	1146008734015767	1146008710045921
1146008715534306	1146008742334306	1146008717794536
1146008724806536	1146008750644383	1146008726374306
1146008733279844	1146008758958613	1146008734896075
1146008740988383	1146008767295459	1146008742998613
1146008748807536	1146008775602844	1146008750844459
1146008756697998	1146008783925383	1146008758912075
1146008767161613	1146008792229383	1146008768974613
1146008775462921	1146008800549998	1146008777553383
1146008784395152	1146008808861383	1146008785936767
1146008791770613	1146008817229383	1146008793820075
1146008800646613	1146008825528690	1146008802606536
1146008808972075	1146008833867844	1146008810349075
1146008817813998	1146008842127459	1146008819207459
1146008824991844	1146008850450306	1146008826186613
1146008832918921	1146008858752383	1146008834919229
1146008841994306	1146008867063844	1146008844394229
1146008851102921	1146008875397613	1146008852464075
1146008858696767	1146008883757921	1146008860162536
1146008865498229	1146008892017383	1146008867529306
1146008874929075	1146008900339459	1146008875900459
1146008881568767	1146008908651536	1146008883513306
1146008889722613	1146008916995152	1146008891896998
1146008898009075	1146008925357383	1146008900206306
1146008905981921	1146008933630229	1146008908178921
1146008914293613	1146008941931844	1146008916181306
1146008924726306	1146008950241613	1146008926305998
1146008932987229	1146008958555459	1146008935079844
1146008941907767	1146008966872998	1146008944411152
1146008950922306	1146008975188767	1146008952437383
1146008958587767	1146008983502306	1146008959946921
1146008966182921	1146008991950229	1146008967840459
1146008975340075	1146009000137613	1146008976852767
1146008983386536	1146009008445921	1146008985034844
1146008992148075	1146009016782306	1146008993461998
1146008999680459	1146009025076152	1146009001568075
1146009007110921	1146009033457075	1146009008847152
1146009015429921	1146009041727459	1146009017328459
1146009023948075	1146009050049921	1146009025876459
1146009032124998	1146009058363152	1146009034208459
1146009042546613	1146009066778229	1146009044125075
1146009049340075	1146009075045613	1146009051040767
1146009066178536	1146009083302536	1146009068431767
1146009069253306	1146009091628998	1146009070239152
1146009073768075	1146009099995767	1146009075909613
1146009081975459	1146009108250613	1146009083965998
1146009092156075	1146009116562229	1146009092886921
1146009101016075	1146009124930536	1146009102404690
1146009106971844	9223372036854775807	1146009108807844
