8333333
1146019827599460	1146019844746229	1146019829522306
1146019836139537	1146019853064460	1146019838393614
1146019843915460	1146019861385306	1146019845950537
1146019854024383	1146019870067460	1146019855401306
1146019861431845	1146019878066306	1146019862672460
1146019869758845	1146019886344691	1146019871281999
1146019877288460	1146019894666845	1146019879199768
1146019884929614	1146019902986614	1146019886983229
1146019893872768	1146019911316075	1146019895303768
1146019902461614	1146019919623460	1146019904155152
1146019911358537	1146019927956691	1146019912770845
1146019919948152	1146019936276460	1146019921921306
1146019927810614	1146019944598537	1146019929780691
1146019936502306	1146019952910229	1146019938826229
1146019944669691	1146019961231768	1146019946596460
1146019952075460	1146019969546614	1146019954210537
1146019961990614	1146019977877999	1146019963592999
1146019969424999	1146019986195537	1146019971114614
1146019977018845	1146019994536768	1146019978497306
1146019986414306	1146020002843229	1146019988110229
1146019994857922	1146020011165922	1146019996661383
1146020002114229	1146020019475768	1146020003610537
1146020010514229	1146020027800768	1146020012457922
1146020019807460	1146020036356152	1146020021286614
1146020027638845	1146020044441306	1146020028823152
1146020035069306	1146020052791229	1146020037271229
1146020044700768	1146020061071845	1146020046250922
1146020054179229	1146020069398306	1146020055943229
1146020059804999	1146020077710229	1146020061728075
1146020068937075	1146020086031768	1146020070913922
1146020076304691	1146020094342537	1146020078396768
1146020087093383	1146020102671152	1146020088376768
1146020093902229	1146020110982229	1146020095787537
1146020101396460	1146020119304383	1146020103538845
1146020111314306	1146020127642306	1146020112775768
1146020117897306	1146020135928460	1146020120149383
1146020128483229	1146020144237383	1146020129608460
1146020135835768	1146020152559229	1146020137288768
1146020144233691	1146020160925614	1146020145722306
1146020151060460	1146020169257614	1146020152808152
1146020160195845	1146020177514537	1146020161877691
1146020167517691	1146020185831768	1146020169372768
1146020176417306	1146020194139537	1146020178123152
1146020185078845	1146020202457306	1146020186702922
1146020193183845	1146020210776152	1146020194635768
1146020201651229	1146020219093691	1146020203617076
1146020209613691	1146020227406922	1146020211627229
0	1146020244120460	1146020235634922
1146020232533383	1146020252406229	1146020239173306
1146020238072383	1146020260688152	1146020240851460
1146020244368383	1146020269091229	1146020246469999
1146020251657076	1146020277375152	1146020253765614
1146020259813383	1146020285638229	1146020262022537
1146020270169922	1146020293955152	1146020272055460
1146020276176768	1146020302305922	1146020278238845
1146020285546845	1146020310592460	1146020287066306
1146020295245383	1146020318926922	1146020296322537
1146020301190229	1146020327221691	1146020302970306
1146020309953999	1146020335555537	1146020312105691
1146020317509383	1146020343869306	1146020319636999
1146020326003229	1146020352291537	1146020328084076
1146020337165614	1146020360494922	1146020337976383
1146020345758614	1146020368801999	1146020344889691
1146020351056152	1146020377122306	1146020352977383
1146020359736691	1146020385442229	1146020362133076
1146020367863460	1146020393757383	1146020369892460
1146020378518614	1146020402081383	1146020379657922
1146020384134537	1146020410394614	1146020385881383
1146020393216152	1146020418709922	1146020395283537
1146020401144999	1146020427022845	1146020403045076
1146020409273076	1146020435333383	1146020411166922
1146020418181076	1146020443648076	1146020420324383
1146020426051537	1146020452030922	1146020427333999
1146020434537999	1146020460315768	1146020436309306
1146020442676383	1146020468598306	1146020444903537
1146020451844076	1146020476962922	1146020453468460
1146020458992383	1146020485233999	1146020461081999
1146020466844460	1146020493553922	1146020468751460
1146020476142922	1146020501919845	1146020477470845
1146020483363152	1146020510268460	1146020485409691
1146020492069383	1146020518505383	1146020494014922
1146020499798845	1146020526825306	1146020501751768
1146020512694922	1146020535188076	1146020513843537
1146020517891537	1146020543478537	1146020520773922
1146020525925999	1146020551773614	1146020527857999
1146020534478922	1146020560095768	1146020536719229
1146020542173306	1146020568417076	1146020544138306
1146020550926845	1146020576733076	1146020552925922
1146020561610922	1146020585041691	1146020563159768
1146020567481922	1146020593414537	1146020569413614
1146020574680076	1146020601696999	1146020576989922
1146020583342845	1146020610000999	1146020585246229
1146020592515537	1146020618340768	1146020594110614
1146020600270614	1146020626636691	1146020602468999
1146020609501691	1146020634942537	1146020611283229
1146020616714614	1146020643253922	1146020618791845
1146020626074922	1146020651568768	1146020627821306
1146020633450922	1146020659926922	1146020635404076
1146020640350306	1146020668239768	1146020642526229
1146020649209614	1146020676533383	1146020651203460
1146020657551152	1146020684848076	1146020659483229
1146020665640768	1146020693156691	1146020667857922
1146020676440460	1146020701474537	1146020677349306
1146020683986306	1146020709807229	1146020686181922
1146020693552999	1146020718198614	1146020695077306
1146020700795537	1146020726439229	1146020702270537
1146020708766845	1146020734760383	1146020710332076
1146020718637306	1146020743093614	1146020720258922
1146020735045922	1146020751393306	1146020736866229
1146020737310229	1146020759931768	1146020739979768
1146020741863229	1146020768004691	1146020742927768
1146020750533999	1146020776327537	1146020752245383
1146020759064460	1146020784673691	1146020760729691
1146020766637922	1146020792974229	1146020768487768
1146020775012152	1146020801290537	1146020776938229
1146020782798306	1146020809613614	1146020784686614
1146020791755460	1146020817929383	1146020793841383
1146020800813076	1146020826285999	1146020802075229
1146020808444460	1146020834569306	1146020810295537
1146020818747537	1146020842883537	1146020820477614
1146020826493383	1146020851199229	1146020827746614
1146020833652152	1146020859675460	1146020835426306
1146020842717383	1146020867838306	1146020844249999
1146020851201306	1146020876144383	1146020852537922
1146020859138845	1146020884459460	1146020861221076
1146020868277691	1146020892784691	1146020870277383
1146020876060691	9223372036854775807	1146020877721306
