8333333
1145902833770222	1145902860135222	1145902835720684
1145902842806838	1145902868465299	1145902845036761
1145902852699530	1145902876773992	1145902854225069
1145902859801069	1145902885308684	1145902861101607
1145902869121069	1145902893400684	1145902870433915
1145902875745069	1145902901718530	1145902877519145
1145902884607453	1145902910034299	1145902886206607
1145902892540376	1145902918391145	1145902894003838
1145902901056761	1145902926680376	1145902902421376
1145902910374915	1145902935050530	1145902912092069
1145902917172761	1145902943314222	1145902919431145
1145902927266530	1145902951639453	1145902928819222
1145902934394530	1145902959998915	1145902936563453
1145902942681915	1145902968271453	1145902945183222
1145902951166222	1145902976630222	1145902952727222
1145902960301992	1145902984908992	1145902961756069
1145902968228376	1145902993296684	1145902970076761
1145902975908145	1145903001707222	1145902977913684
1145902984204453	1145903009863530	1145902986206530
1145902992671838	1145903018175530	1145902994435222
1145903000798915	1145903026759761	1145903002778299
1145903009617299	1145903034931838	1145903011478222
1145903026405915	1145903043282222	1145903027551838
1145903028833376	1145903051636453	1145903030977915
1145903034624684	1145903059798607	1145903036247838
1145903042076069	1145903068145376	1145903044232069
1145903050411530	1145903076403761	1145903052659761
1145903058926838	1145903084720761	1145903061055145
1145903070388069	1145903093060761	1145903069449915
1145903075730299	1145903101355761	1145903078202222
1145903085048761	1145903109681607	1145903086712069
1145903093059145	1145903117987761	1145903094682607
1145903101225299	1145903126312376	1145903102409376
1145903108883838	1145903134621299	1145903110847761
1145903116481607	1145903142949992	1145903118535453
1145903126250222	1145903151411453	1145903128132992
1145903133632376	1145903159651222	1145903135612761
1145903142622915	1145903167893992	1145903143727222
1145903151632761	1145903176249992	1145903152913992
1145903158896992	1145903192847761	1145903160866530
1145903166666607	1145903201169299	1145903168426222
1145903175415530	1145903209476992	1145903176872069
1145903183552684	1145903217828069	1145903185172684
1145903191768453	1145903226115761	1145903193551145
1145903206257915	1145903234433069	1145903207434915
1145903212732992	1145903242797992	1145903214649299
1145903222251222	1145903251081069	1145903224063530
1145903230921299	1145903259401992	1145903232131530
1145903237396145	1145903267717915	1145903239314607
1145903246082607	1145903276103145	1145903248058222
1145903255164145	1145903284383838	1145903257147838
1145903263246838	1145903292667838	1145903265182915
1145903271340453	1145903300979453	1145903273527761
1145903282612992	1145903309318222	1145903284192376
1145903288756145	1145903317637299	1145903290287530
1145903296867453	1145903325947761	1145903298684992
1145903304764145	1145903334279530	1145903306116684
1145903313437607	1145903342577915	1145903315279838
1145903321587222	1145903350908453	1145903323525299
1145903330537069	1145903359354607	1145903332078530
1145903338080684	1145903367545684	1145903340171530
1145903346342299	1145903375849607	1145903348845684
1145903357224453	1145903384166299	1145903359155145
1145903363394607	1145903392562299	1145903365346607
1145903373158222	1145903400845607	1145903375071530
1145903379874299	1145903409121607	1145903381920761
1145903389759761	1145903417500992	1145903391524376
1145903397915222	1145903425760992	1145903399848684
1145903405801915	1145903434236992	1145903407662607
1145903413682299	1145903442406607	1145903415784684
1145903421591145	1145903450724992	1145903423508684
1145903431306915	1145903459030222	1145903433413376
1145903437474530	1145903467345684	1145903439700145
1145903447408376	1145903475664069	1145903449031145
1145903454343530	1145903484024069	1145903456636992
1145903462747453	1145903492301607	1145903465202915
1145903470384992	1145903500618222	1145903472759838
1145903477104069	1145903508936761	1145903479438222
1145903486179222	1145903517276069	1145903488543145
1145903494305992	1145903525755530	1145903496563145
1145903502569607	1145903533894530	1145903504824069
1145903511663222	1145903542219530	1145903513985684
1145903522923222	1145903550660145	1145903524855761
1145903536340992	1145903558870222	1145903538361376
1145903538027453	1145903567185607	1145903540202222
1145903546356145	1145903575577299	1145903548503530
1145903554913299	1145903583812145	1145903557043838
1145903562467145	1145903592130222	1145903564692761
1145903573513376	1145903600456992	1145903575730222
1145903580983838	1145903608761992	1145903583009684
1145903588464761	1145903617071145	1145903590476761
1145903595976453	1145903625388069	1145903598089915
1145903607061069	1145903633709684	1145903609057684
1145903611608069	1145903642024453	1145903613883530
1145903618156376	1145903650345684	1145903620604069
1145903626411145	1145903658658222	1145903628781992
1145903635435453	1145903667021684	1145903637583453
1145903642728761	1145903675341607	1145903645033684
1145903651563453	1145903683647838	1145903653827761
1145903659517915	1145903691995761	1145903661844684
1145903672353915	1145903700289299	1145903674259530
1145903680631530	1145903708690607	1145903683091453
1145903688903530	1145903716893915	1145903691013376
1145903696898915	1145903725222530	1145903698971838
1145903705694838	1145903733536992	1145903707606915
1145903712699838	1145903741905607	1145903714587222
1145903722272684	1145903750170838	1145903724505607
1145903730154530	1145903758503453	1145903732278530
1145903738933607	1145903766793915	1145903741213376
1145903747414530	1145903775112992	1145903749410299
1145903753679222	1145903783441376	1145903755624069
1145903761619453	1145903791753992	1145903764160992
1145903769313992	1145903800438915	1145903771706838
1145903780566530	1145903808415222	1145903783153376
1145903788373684	1145903816736684	1145903791085684
1145903797532992	1145903825034222	1145903799885376
1145903805416376	1145903833357069	1145903807946607
1145903813462915	1145903841648376	1145903815564684
1145903822409684	1145903849974915	1145903824486299
1145903830354222	1145903858287838	1145903832511530
1145903838812376	1145903866673992	1145903840849299
1145903846180069	1145903875034607	1145903848285992
1145903853915453	1145903883235530	1145903856180376
1145903865297069	1145903891555145	1145903868000453
1145903872638915	1145903899865915	1145903874531530
1145903879828069	1145903908180453	1145903882446222
1145903887003761	9223372036854775807	1145903889150530
