8333333
1145891080465683	1145891106731452	1145891082364068
1145891089385991	1145891115072991	1145891091308145
1145891097648145	1145891123371452	1145891099755837
1145891105017375	1145891131707837	1145891107001375
1145891114939145	1145891140002299	1145891117109299
1145891124135760	1145891148374299	1145891126099837
1145891131195222	1145891156635837	1145891132928068
1145891139414529	1145891164943452	1145891141333376
1145891147348376	1145891173272760	1145891149333991
1145891155347145	1145891181591145	1145891157332452
1145891163541991	1145891189903760	1145891165254606
1145891172335837	1145891198229606	1145891174262299
1145891181380376	1145891206570529	1145891183013606
1145891189041299	1145891214850606	1145891190893991
1145891197220452	1145891223168068	1145891198702222
1145891206460991	1145891231488760	1145891208097683
1145891214151529	1145891239822606	1145891215648760
1145891222705683	1145891248129991	1145891224634299
1145891231053683	1145891256442222	1145891232894222
1145891238668145	1145891264784068	1145891240612991
1145891247749068	1145891273085683	1145891249384991
1145891255896683	1145891281407222	1145891257420452
1145891264199452	1145891289887837	1145891266109299
1145891272826529	1145891298099760	1145891274253683
1145891280933991	1145891306392452	1145891282627837
1145891289725606	1145891314660452	1145891291064145
1145891298625914	1145891322992376	1145891300229683
1145891306423760	1145891331307760	1145891308166299
1145891314488145	1145891339612452	1145891316964683
1145891323166606	1145891347944760	1145891325248452
1145891331052376	1145891356260068	1145891332815222
1145891339623760	1145891364599837	1145891341363222
1145891357171145	1145891372902837	1145891361695452
1145891359553914	1145891381226914	1145891363488068
1145891365244145	1145891389567837	1145891366762222
1145891372224376	1145891397847529	1145891374018914
1145891379968145	1145891406155529	1145891381593606
1145891388841068	1145891414479222	1145891390293914
1145891397804068	1145891422793068	1145891399148145
1145891405430529	1145891431107222	1145891406999529
1145891414329068	1145891439425606	1145891415937914
1145891422204452	1145891447784991	1145891424105068
1145891430848991	1145891456075837	1145891432544452
1145891439652760	1145891464390222	1145891441425991
1145891447718299	1145891472721914	1145891449268145
1145891456421376	1145891481082606	1145891457930299
1145891463200068	1145891489328991	1145891465277914
1145891471935452	1145891497649914	1145891474285376
1145891481125606	1145891505997068	1145891482629606
1145891489211452	1145891514303452	1145891490429376
1145891497029991	1145891522604452	1145891498571452
1145891505315222	1145891531120452	1145891507007760
1145891513193606	1145891539237299	1145891515198299
1145891522780145	1145891547546299	1145891524626529
1145891531026914	1145891555888452	1145891532637914
1145891538256068	1145891564195529	1145891540126606
1145891546157991	1145891572521683	1145891547959145
1145891555329683	1145891580901991	1145891556845914
1145891562848991	1145891589144760	1145891564863222
1145891571305299	1145891597464376	1145891573441606
1145891580240452	1145891605788376	1145891582229376
1145891587455837	1145891614155452	1145891589328991
1145891597483760	1145891622424376	1145891598810837
1145891605808991	1145891630771529	1145891607233068
1145891614119529	1145891639094837	1145891615800760
1145891621670606	1145891647356760	1145891623258914
1145891631262837	1145891655734299	1145891632768683
1145891638043222	1145891664140376	1145891639755222
1145891646005606	1145891672378837	1145891647605991
1145891654730299	1145891680638222	1145891656127760
1145891662460068	1145891689072068	1145891664444991
1145891671337683	1145891697277068	1145891673214222
1145891680102606	1145891705587222	1145891682584145
1145891688718222	1145891713960760	1145891690742914
1145891696877991	1145891722285068	1145891699046606
1145891705778529	1145891730534222	1145891706787452
1145891713495529	1145891738857068	1145891715343837
1145891720670299	1145891747172376	1145891722743760
1145891729557991	1145891755520991	1145891731514914
1145891736966914	1145891763799837	1145891739016991
1145891745115529	1145891772153068	1145891747591529
1145891753550529	1145891780453606	1145891755718299
1145891762254606	1145891788836452	1145891764235529
1145891769865068	1145891797211760	1145891771998837
1145891781430606	1145891805398606	1145891782268452
1145891788132376	1145891813772145	1145891790099760
1145891797773914	1145891822142529	1145891799341068
1145891804734222	1145891830382299	1145891806336452
1145891812933914	1145891838682837	1145891814370299
1145891821303760	1145891847164452	1145891823364683
1145891831440145	1145891855304068	1145891831851145
1145891837430914	1145891863623760	1145891839431837
1145891847322299	1145891871956760	1145891848697991
1145891863923529	1145891880258837	1145891865920452
1145891865656068	1145891888571452	1145891867723760
1145891869191222	1145891896897376	1145891871551837
1145891879349914	1145891905205914	1145891881692376
1145891886975222	1145891913531760	1145891889218914
1145891894893376	1145891921870606	1145891897213683
1145891903415222	1145891930175529	1145891905414529
1145891912812760	1145891938501299	1145891914476376
1145891921676068	1145891946799760	1145891923082299
1145891931051145	1145891955157991	1145891931627222
1145891937584068	1145891963445683	1145891939139529
1145891946234222	1145891971761068	1145891948190222
1145891953944683	1145891980150529	1145891956139529
1145891963689068	1145891988446222	1145891964878914
1145891971133299	1145891996710529	1145891972814606
1145891979598606	1145892005033376	1145891981274299
1145891988353068	1145892013348145	1145891989744145
1145891996928376	1145892021737376	1145891998530606
1145892004223760	1145892029987452	1145892006064991
1145892010963222	1145892038331145	1145892013227529
1145892020879452	1145892046650529	1145892022522299
1145892028095529	1145892054937991	1145892029837683
1145892039076376	1145892063265606	1145892040676760
1145892045694914	1145892071628068	1145892047394529
1145892054932452	1145892079894299	1145892056372145
1145892062817068	1145892088215837	1145892064713914
1145892070957606	1145892096556452	1145892072687529
1145892079067222	1145892104853068	1145892081138222
1145892089996452	1145892113184760	1145892089571760
1145892096138529	1145892121598299	1145892098105376
1145892104756991	1145892129823452	1145892106626222
1145892113870914	1145892138127760	1145892115932991
1145892120810299	1145892146476683	1145892122609914
1145892128372991	9223372036854775807	1145892130361299
