8333333
1145821037935217	1145821065591525	1145821040365294
1145821046621294	1145821073949371	1145821049167525
1145821055151448	1145821082247833	1145821057667141
1145821063298294	1145821090588448	1145821065576679
1145821072968064	1145821098924679	1145821074810602
1145821081088987	1145821107410833	1145821083260371
1145821089413294	1145821115662525	1145821091490525
1145821097727448	1145821123956987	1145821099830525
1145821106866910	1145821132413064	1145821108918833
1145821115633910	1145821140624987	1145821117893064
1145821122780141	1145821148983217	1145821125470602
1145821131594910	1145821157388448	1145821133807525
1145821139704448	1145821165649602	1145821142007448
1145821148960064	1145821174000679	1145821150482217
1145821156657987	1145821182330294	1145821158930525
1145821164616448	1145821190670217	1145821166563217
1145821172921910	1145821199026525	1145821175281679
1145821181096064	1145821207344064	1145821183308987
1145821190040679	1145821215682833	1145821192277987
1145821197575833	1145821224047141	1145821199733371
1145821206333294	1145821232377371	1145821208689294
1145821216266833	1145821240716679	1145821218194833
1145821223876371	1145821249047756	1145821225854294
1145821231564371	1145821257413679	1145821233599141
1145821239386602	1145821265770217	1145821241434833
1145821248416064	1145821274124679	1145821250591756
1145821259647448	1145821282481064	1145821261504371
1145821265122833	1145821290750525	1145821266797679
1145821273367448	1145821299086833	1145821275405910
1145821281284987	1145821307473064	1145821283176371
1145821289541987	1145821315865602	1145821291572679
1145821298168756	1145821324206602	1145821300276064
1145821306654217	1145821332804141	1145821308840141
1145821315540987	1145821340781910	1145821317683756
1145821324127141	1145821349185371	1145821325777910
1145821332071141	1145821357480756	1145821334107448
1145821340664371	1145821365827525	1145821342600756
1145821349304064	1145821374145294	1145821351318602
1145821358320756	1145821382471141	1145821360397679
1145821365512756	1145821390820679	1145821367817371
1145821372560448	1145821399158525	1145821374570602
1145821391501602	1145821407588448	1145821396886294
1145821394363141	1145821415854294	1145821398722217
1145821399449294	1145821424173602	1145821402636141
1145821406375525	1145821432535141	1145821409337679
1145821414838294	1145821440858525	1145821417408371
1145821423111217	1145821449188987	1145821425391448
1145821431675525	1145821457652141	1145821433863833
1145821440311833	1145821465874525	1145821442488371
1145821447717602	1145821474232371	1145821450068141
1145821456245910	1145821482599141	1145821458638525
1145821464910833	1145821490911525	1145821467380141
1145821473387448	1145821499267756	1145821475858833
1145821481949064	1145821507589679	1145821484229064
1145821490644371	1145821515929294	1145821492733371
1145821498168371	1145821524255218	1145821500447218
1145821509269064	1145821532584756	1145821511564371
1145821515665987	1145821540928448	1145821517766218
1145821523167833	1145821549354910	1145821525818910
1145821531913294	1145821557608371	1145821534800448
1145821540381679	1145821566016371	1145821542837602
1145821549080679	1145821574283218	1145821551109602
1145821557032448	1145821582653602	1145821559415218
1145821565964448	1145821591107448	1145821568219218
1145821573571525	1145821599318910	1145821576403756
1145821581816987	1145821607694294	1145821584706294
1145821590184448	1145821615974218	1145821592988679
1145821598370294	1145821624346525	1145821600819141
1145821607015141	1145821632651525	1145821609422833
1145821614982833	1145821641043218	1145821617328064
1145821621682525	1145821649354910	1145821624127525
1145821629751141	1145821657708987	1145821632101602
1145821637615218	1145821666141371	1145821639964448
1145821646096371	1145821674373064	1145821648414218
1145821655146833	1145821682797294	1145821657511448
1145821665733294	1145821691091448	1145821667498525
1145821673704987	1145821699436141	1145821675912064
1145821682205987	1145821707743448	1145821684335833
1145821690018833	1145821716156371	1145821692157294
1145821699174525	1145821724480064	1145821701449294
1145821707027218	1145821732863525	1145821709137294
1145821717227756	1145821741097294	1145821718993602
1145821723513679	1145821749485602	1145821725636987
1145821732142525	1145821757810294	1145821734278910
1145821741183448	1145821766132448	1145821743191525
1145821748844141	1145821774499756	1145821750900756
1145821757228448	1145821782854294	1145821759291833
1145821764560679	1145821791120448	1145821766899218
1145821771585679	1145821799481294	1145821774020141
1145821780060987	1145821807826218	1145821782253602
1145821789003756	1145821816165064	1145821791524371
1145821796585910	1145821824505910	1145821798870602
1145821804989910	1145821832889294	1145821807213910
1145821815065602	1145821841226294	1145821817130294
1145821823803448	1145821849557602	1145821825972064
1145821831967756	1145821857859756	1145821834162218
1145821840284756	1145821866207833	1145821842222833
1145821848696679	1145821874556756	1145821850698833
1145821857202910	1145821882884371	1145821859297371
1145821865765602	1145821891242218	1145821867549064
1145821873494294	1145821899616679	1145821875773602
1145821891757602	1145821908244987	1145821897385064
1145821894200987	1145821916302525	1145821899171218
1145821899656448	1145821924590833	1145821901166910
1145821906715141	1145821932937987	1145821909113602
1145821916068987	1145821941318910	1145821918405910
1145821923771833	1145821949656679	1145821925942910
1145821932137294	1145821958011448	1145821934583833
1145821940139833	1145821966296064	1145821942513602
1145821948117910	1145821974633064	1145821950258833
1145821957039525	1145821983053679	1145821959649910
1145821966325371	1145821991419525	1145821968711448
1145821973820756	1145821999822833	1145821976263525
1145821980677602	1145822008075756	1145821983095448
1145821989011833	1145822016336371	1145821991413987
1145821997387141	1145822024791448	1145821999807218
1145822006565679	1145822033020987	1145822009119756
1145822015283141	1145822041349294	1145822017685910
1145822023950910	1145822049730602	1145822026385371
1145822032142910	1145822058076371	1145822034924371
1145822040572448	1145822066382294	1145822043080679
1145822048258602	1145822074726525	1145822050630833
1145822055617294	1145822083141987	1145822058346294
1145822065685910	1145822091397679	1145822067967141
1145822075052987	1145822099734525	1145822077279141
1145822082863833	1145822108150910	1145822085281679
1145822090470602	9223372036854775807	1145822092812679
