8333333
1145785887141369	1145785912888062	1145785888998292
1145785895504138	1145785921249600	1145785897515138
1145785903676677	1145785929560985	1145785905846908
1145785912359831	1145785937913369	1145785914413985
1145785922429677	1145785946245908	1145785924148138
1145785929845369	1145785954575215	1145785931442292
1145785938050215	1145785962932062	1145785939844754
1145785946195446	1145785971269062	1145785948249985
1145785954465369	1145785979607138	1145785956276062
1145785962494215	1145785987943754	1145785964396677
1145785971597369	1145785996320446	1145785973439831
1145785979479446	1145786004637062	1145785981413062
1145785987886908	1145786012978215	1145785989259215
1145785995421985	1145786021385677	1145785997244446
1145786004218523	1145786029712446	1145786006192062
1145786012799215	1145786038011215	1145786014566600
1145786021454831	1145786046351446	1145786023295215
1145786029746600	1145786054717600	1145786031590292
1145786037684754	1145786063054523	1145786039652754
1145786045466523	1145786071393292	1145786047620138
1145786053896446	1145786079826292	1145786056069062
1145786061937062	1145786088080985	1145786063884985
1145786070287215	1145786096420754	1145786072568369
1145786078576138	1145786104763754	1145786080953677
1145786087877292	1145786113118908	1145786090135138
1145786096142831	1145786121449985	1145786097941062
1145786103857600	1145786129865908	1145786106179754
1145786111965369	1145786138184446	1145786114133908
1145786119655446	1145786146472677	1145786121826215
1145786127509908	1145786154847446	1145786129890215
1145786137949985	1145786163170523	1145786139787523
1145786145527523	1145786171507446	1145786147515446
1145786155024985	1145786179870215	1145786156821062
1145786162297908	1145786188190600	1145786164137600
1145786170748754	1145786196558831	1145786172593369
1145786179448985	1145786204893600	1145786181300446
1145786187196677	1145786213234292	1145786188807754
1145786195614215	1145786221569985	1145786197483523
1145786203828138	1145786229913985	1145786205682908
1145786212161062	1145786238265985	1145786214119831
1145786222791138	1145786246609062	1145786223865985
1145786229348446	1145786254968369	1145786231204369
1145786237715215	1145786263303754	1145786239209985
1145786246847446	1145786271663523	1145786247996369
1145786254351138	1145786279974523	1145786256216446
1145786262553600	1145786288325600	1145786264197677
1145786271018292	1145786296652446	1145786272844369
1145786279333062	1145786304985062	1145786281075754
1145786287701062	1145786313327523	1145786289483831
1145786296467523	1145786321731523	1145786298061985
1145786304435215	1145786330007138	1145786306113292
1145786313816369	1145786338342523	1145786315169677
1145786321591138	1145786346917677	1145786322808446
1145786329079523	1145786355119446	1145786330562523
1145786337381677	1145786363366523	1145786339075446
1145786346554523	1145786371722215	1145786347701677
0	1145786380069369	1145786372399754
1145786371202600	1145786388379138	1145786374042600
1145786374664138	1145786396825985	1145786377355215
1145786378540446	1145786405121985	1145786379499831
1145786387268677	1145786413418908	1145786389270292
1145786395438600	1145786421794215	1145786397676369
1145786403740446	1145786430143446	1145786405722523
1145786412585062	1145786438425062	1145786414828062
1145786421767754	1145786446842292	1145786423899446
1145786430160369	1145786455112754	1145786432157369
1145786438097292	1145786463451215	1145786440131215
1145786446033369	1145786471796446	1145786447865292
1145786454257985	1145786480162215	1145786456393985
1145786462871754	1145786488468369	1145786464997292
1145786470418908	1145786496806215	1145786472641062
1145786480347831	1145786505271754	1145786482324138
1145786487281062	1145786513486523	1145786488701292
1145786495636369	1145786521836062	1145786497522292
1145786504787754	1145786530167523	1145786506390600
1145786512926908	1145786538596677	1145786514669985
1145786519936677	1145786546849062	1145786522068369
1145786527999215	1145786555203754	1145786530294523
1145786536371831	1145786563537908	1145786538712446
1145786544712677	1145786571961677	1145786547031138
1145786553089600	1145786580224369	1145786555436138
1145786563081600	1145786588562908	1145786564539215
1145786570427831	1145786596918215	1145786571997677
1145786578619215	1145786605243215	1145786581020677
1145786588435446	1145786613579139	1145786590525369
1145786596079139	1145786621996985	1145786598501369
1145786605312139	1145786630258908	1145786607666908
1145786613087215	1145786638651831	1145786614779215
1145786621225292	1145786646941677	1145786623221369
1145786630125369	1145786655276062	1145786631980985
1145786637944369	1145786663609600	1145786639723523
1145786646247139	1145786671959523	1145786648210831
1145786655267831	1145786680298600	1145786657100369
1145786661824754	1145786688641600	1145786663821677
1145786671022600	1145786697029292	1145786672509908
1145786678906523	1145786705328754	1145786680662292
1145786686886292	1145786713710292	1145786688855139
1145786695193369	1145786722017292	1145786697207139
1145786703082600	1145786730407523	1145786705188369
1145786711628677	1145786738688677	1145786713692985
1145786721286831	1145786747034292	1145786723331139
1145786731528677	1145786755367446	1145786732631446
1145786738226600	1145786763710215	1145786739373062
1145786746091446	1145786772090831	1145786747996754
1145786755531215	1145786780377062	1145786757350831
1145786763577292	1145786788729292	1145786765279754
1145786772511139	1145786797176139	1145786774187754
1145786780295446	1145786805408446	1145786781846292
1145786788321292	1145786813740446	1145786789175831
1145786797714831	1145786822086215	1145786798306600
1145786804604677	1145786830482523	1145786806133985
1145786812516985	1145786838764446	1145786814245985
1145786820557292	1145786847106600	1145786822494831
1145786831426831	1145786855441292	1145786833681292
1145786838011215	1145786863808369	1145786840336985
1145786845536754	1145786872188062	1145786847363446
1145786863598600	1145786880469062	1145786869810600
1145786865633985	1145786888858600	1145786871291523
1145786872623754	1145786897170215	1145786874646292
1145786879236369	1145786905491446	1145786881076677
1145786887653985	1145786913825369	1145786889636677
1145786896139139	1145786922168446	1145786898181600
1145786905873369	1145786930512062	1145786906997985
1145786913324369	1145786938861985	1145786915093062
1145786921652677	1145786947193369	1145786923724446
1145786929245062	1145786955566215	1145786931242600
1145786936781600	9223372036854775807	1145786939030292
