8333333
1145908713440761	1145908741070223	1145908715448992
1145908719812992	1145908749314607	1145908721792146
1145908726965915	1145908757640377	1145908729016684
1145908739101607	1145908765965069	1145908741265915
1145908745560453	1145908774274530	1145908747271223
1145908752462838	1145908782616761	1145908754268684
1145908764160761	1145908790909915	1145908765388761
1145908769518530	1145908799225915	1145908771600069
1145908777550607	1145908807544377	1145908779544453
1145908786644761	1145908815865915	1145908788639530
1145908794349684	1145908824179146	1145908796417377
1145908802611223	1145908832491223	1145908804451146
1145908814464377	1145908840811530	1145908815733684
1145908820408453	1145908849165915	1145908822460761
1145908827972146	1145908857478838	1145908829845684
1145908836838915	1145908865775530	1145908838819146
1145908845507453	1145908874133069	1145908847440069
1145908852588069	1145908882410838	1145908854653607
1145908861932684	1145908890838530	1145908864240761
1145908871027838	1145908899067838	1145908873533300
1145908877556453	1145908907388992	1145908879664992
1145908886388684	1145908915829300	1145908888668761
1145908893951453	1145908924004992	1145908896304146
1145908903571223	1145908932319453	1145908905771146
1145908913961069	1145908940632453	1145908915806838
1145908920568069	1145908948957069	1145908922472377
1145908929006607	1145908957511223	1145908931266838
1145908938022838	1145908965781069	1145908940286223
1145908944399530	1145908973911838	1145908946454530
1145908952628761	1145908982218838	1145908954638223
1145908960903838	1145908990548761	1145908962984146
1145908969086300	1145908998858223	1145908971096069
1145908978120761	1145909007188992	1145908979697992
1145908986385069	1145909015527530	1145908987791146
1145908993702223	1145909023854838	1145908995521607
1145909002831146	1145909032136069	1145909004932761
1145909012861069	1145909040447146	1145909014884992
1145909020623223	1145909048778607	1145909022405915
1145909027590223	1145909057102300	1145909029873069
1145909035640146	1145909065420377	1145909037824069
1145909043499530	1145909073737684	1145909045491146
1145909052829992	1145909082077684	1145909054912146
1145909061497069	1145909090383761	1145909063721992
1145909071351453	1145909098720992	1145909073520761
1145909079018607	1145909107022607	1145909081324146
1145909087129684	1145909115332684	1145909089298607
1145909095225607	1145909123760992	1145909097269377
1145909104212761	1145909131981915	1145909105925300
1145909114531761	1145909140292377	1145909116638300
1145909117154300	1145909148593684	1145909120224377
1145909128529684	1145909156920684	1145909130320377
1145909139412377	1145909165329377	1145909140747838
1145909143991146	1145909173549915	1145909145636992
1145909150986530	1145909181869300	1145909152973377
1145909160962607	1145909190205915	1145909162813377
1145909167644992	1145909198509377	1145909169957300
1145909175363838	1145909206833377	1145909177743223
1145909183343838	1145909215160069	1145909186167530
1145909192597607	1145909223470915	1145909194534530
1145909200994223	1145909231843223	1145909202867223
1145909210906530	1145909240298915	1145909213068992
1145909218871146	1145909248444761	1145909221130223
1145909226827838	1145909256776684	1145909228867146
1145909237365069	1145909265061684	1145909239122530
1145909245892146	1145909273381377	1145909247189915
1145909253126838	1145909281742300	1145909254349915
1145909260635838	1145909290107838	1145909262068684
1145909267953607	1145909298419838	1145909269685300
1145909278615838	1145909306652377	1145909281112146
1145909287199761	1145909314960684	1145909288971146
1145909295513069	1145909323279838	1145909297477684
1145909302565300	1145909331600684	1145909304295454
1145909309409607	1145909339919146	1145909311441992
1145909316825300	1145909348234300	1145909319089992
1145909324541915	1145909356567454	1145909326785300
1145909334110300	1145909364871223	1145909336104454
1145909342006915	1145909373206838	1145909344120377
1145909350306300	1145909381508761	1145909352322223
1145909358998838	1145909389846223	1145909361086300
1145909366739530	1145909398144992	1145909368789992
1145909376831454	1145909406467530	1145909378662838
1145909385493992	1145909415019761	1145909387466300
1145909394901607	1145909423111761	1145909395964684
1145909400727146	1145909431517992	1145909402525684
1145909411386838	1145909439773607	1145909413648684
1145909422142530	1145909448063761	1145909424774915
1145909428725607	1145909456372146	1145909431041915
1145909435935454	1145909464742915	1145909438520069
1145909442438915	1145909473008377	1145909444630607
1145909451641300	1145909481337992	1145909453984069
1145909461239223	1145909489655146	1145909463964454
1145909470887454	1145909497968761	1145909472896069
1145909475392761	1145909506297992	1145909477515838
1145909484638838	1145909514611146	1145909486341915
1145909492398223	1145909522932377	1145909494320761
1145909499591530	1145909531256146	1145909501818607
1145909508587761	1145909539577607	1145909510668684
1145909516704377	1145909547907838	1145909518920069
1145909525251761	1145909556233377	1145909527333684
1145909532877607	1145909564627761	1145909535207146
1145909542969069	1145909573197607	1145909545331530
1145909552201069	1145909581223454	1145909554247146
1145909560405300	1145909589563530	1145909562801607
1145909568881377	1145909597829915	1145909571253915
1145909577197300	1145909606149300	1145909579433300
1145909585805607	1145909614465915	1145909587590915
1145909592592377	1145909622781377	1145909594550223
1145909600850300	1145909631095454	1145909603017300
1145909609632069	1145909639433915	1145909611961607
1145909626365300	1145909647731838	1145909629373069
1145909628168454	1145909656041607	1145909630745915
1145909633188146	1145909664460454	1145909635140992
1145909641421300	1145909672697300	1145909643658223
1145909650806300	1145909681016992	1145909652723761
1145909658529684	1145909689331454	1145909660267838
1145909670316992	1145909697855761	1145909672836684
1145909678592069	1145909705992069	1145909680412684
1145909685461300	1145909714349377	1145909687328069
1145909694009915	1145909722591761	1145909695389300
1145909700699454	1145909730916761	1145909702448992
1145909710581607	1145909739223223	1145909712281300
1145909718327146	1145909747568684	1145909720210607
1145909727333684	1145909755863223	1145909729220146
1145909734930607	1145909764169992	1145909736512454
1145909743559454	1145909772486915	1145909744873607
1145909749980684	1145909780804684	1145909751938223
1145909759040146	9223372036854775807	1145909761127146
