8333333
1145803442307216	1145803467812447	1145803444110293
1145803449945601	1145803476190909	1145803451904447
1145803460945601	1145803484500986	1145803461865370
1145803467828755	1145803492816678	1145803469891832
1145803475207140	1145803501152370	1145803477390524
1145803483793678	1145803509488447	1145803485900370
1145803492080986	1145803517823447	1145803494055755
1145803500580755	1145803526184986	1145803501876678
1145803508770524	1145803534512370	1145803510434293
1145803516092986	1145803542862909	1145803517694832
1145803525213678	1145803551407447	1145803526913063
1145803534265370	1145803559523216	1145803535791447
1145803542112755	1145803567877293	1145803544167524
1145803551545909	1145803576220678	1145803553372678
1145803558787447	1145803584563216	1145803560666524
1145803567048063	1145803593001909	1145803569106832
1145803577039140	1145803601279140	1145803578252140
1145803585667216	1145803609572140	1145803586686909
1145803593027755	1145803617898909	1145803594263755
1145803599697909	1145803626294601	1145803601691832
1145803609290293	1145803634601601	1145803611333370
1145803616843524	1145803643030293	1145803619248447
1145803625621909	1145803651288447	1145803627664755
1145803633888140	1145803659606293	1145803635910832
1145803644557678	1145803667968986	1145803645749370
1145803650895832	1145803676309063	1145803653034909
1145803659216447	1145803684629986	1145803661269678
1145803667201678	1145803692960986	1145803669165986
1145803676868063	1145803701305986	1145803678248447
1145803686145986	1145803709647216	1145803687258832
1145803693072370	1145803717980447	1145803694736063
1145803700900986	1145803726321678	1145803702545293
1145803710860140	1145803734660063	1145803712161678
1145803717322216	1145803743049370	1145803719311140
1145803725794832	1145803751341986	1145803727515755
1145803733489601	1145803759678524	1145803735599447
1145803743860755	1145803768024755	1145803745401370
1145803750894601	1145803776355832	1145803752600370
1145803758408140	1145803784701986	1145803760440755
1145803769169986	1145803793041909	1145803770474216
1145803775153909	1145803801510909	1145803777109909
1145803783175140	1145803809796986	1145803785275524
1145803793385986	1145803818084370	1145803794543216
1145803802072140	1145803826400140	1145803803396986
1145803808975832	1145803834732678	1145803810909909
1145803817572063	1145803843065370	1145803819198832
1145803825248678	1145803851407140	1145803827292755
1145803834762601	1145803859746524	1145803836246293
1145803842808755	1145803868087216	1145803844520063
1145803851348063	1145803876437063	1145803852872678
1145803859376755	1145803884766832	1145803861064447
1145803880205678	1145803893126909	1145803885765063
1145803882065678	1145803901627216	1145803887362909
1145803887894216	1145803910036447	1145803890724140
1145803891739447	1145803918228755	1145803893080447
1145803899835216	1145803926469370	1145803902104755
1145803908772140	1145803934893601	1145803911025063
1145803917588678	1145803943213678	1145803919836447
1145803928168063	1145803951569370	1145803928911755
1145803934255140	1145803959857063	1145803936563832
1145803946229370	1145803968317370	1145803947991524
1145803950209678	1145803976535524	1145803951567524
1145803959607755	1145803984877986	1145803961675140
1145803970308140	1145803993217063	1145803970212986
1145803976602909	1145804001577986	1145803978189370
1145803984541986	1145804009913986	1145803986578601
1145803991749678	1145804018260370	1145803993760986
1145804000823216	1145804026590832	1145804002006216
1145804011205678	1145804034932370	1145804011960063
1145804016717293	1145804043296140	1145804018647755
1145804025911447	1145804051621678	1145804028121293
1145804034024678	1145804059970832	1145804036173370
1145804042556986	1145804068315140	1145804043983755
1145804050650293	1145804076670216	1145804052513370
1145804059562601	1145804084990601	1145804061221909
1145804067320986	1145804093337678	1145804069177678
1145804076217909	1145804101688678	1145804077190832
1145804084611832	1145804110051755	1145804085756140
1145804091940140	1145804118371755	1145804093698909
1145804099361986	1145804126730216	1145804101697678
1145804107089601	1145804135065601	1145804109405601
1145804116201601	1145804143404755	1145804118179216
1145804124829678	1145804151750832	1145804126703447
1145804133496986	1145804160283447	1145804135313601
1145804142556140	1145804168550909	1145804143936140
1145804150727832	1145804176791832	1145804152717293
1145804161027447	1145804185122832	1145804162946293
1145804167837063	1145804193501601	1145804170041601
1145804176580755	1145804201832755	1145804178816678
1145804184446293	1145804210173063	1145804186512447
1145804193928986	1145804218567524	1145804195821063
1145804201550216	1145804226843447	1145804203168063
1145804209919832	1145804235201370	1145804212000140
1145804218263524	1145804243531524	1145804220438524
1145804225576370	1145804251960447	1145804227563755
1145804233377063	1145804260216755	1145804235509601
1145804242284447	1145804268564063	1145804243920678
1145804249723524	1145804276902216	1145804251702909
1145804258395140	1145804285264370	1145804260674524
1145804266627447	1145804293603832	1145804268804986
1145804274722216	1145804301975755	1145804276886524
1145804285109909	1145804310288140	1145804286922909
1145804293209678	1145804318632986	1145804294505986
1145804300714832	1145804326975216	1145804302571216
1145804309418216	1145804335322524	1145804311051140
1145804317980140	1145804343715216	1145804319566832
1145804327072370	1145804352000678	1145804328715755
1145804334786216	1145804360347216	1145804336492447
1145804343175447	1145804368688140	1145804344957909
1145804353080447	1145804377035216	1145804354294293
1145804359856986	1145804385441678	1145804361582832
1145804375999755	1145804393833678	1145804378262909
1145804377347216	1145804402059755	1145804379925063
1145804383729601	1145804410426909	1145804385553601
1145804391779447	1145804418778293	1145804393677986
1145804401354216	1145804427193370	1145804403161063
1145804410280986	1145804435544986	1145804411989293
1145804417733678	1145804443789986	1145804419445063
1145804427433370	1145804452116755	1145804428829986
1145804435573370	1145804460477370	1145804437113909
1145804443175524	1145804468806216	1145804445042601
1145804451473370	1145804477161293	1145804453290293
1145804459871832	1145804485473370	1145804462016447
1145804470789601	1145804493817293	1145804471800063
1145804477467524	1145804502193293	1145804478694832
1145804485569909	1145804510499216	1145804487417370
1145804492138832	9223372036854775807	1145804494035447
