8333333
1146066905407155	1146066927473309	1146066911026848
1146066911571540	1146066935793001	1146066914310848
1146066918110617	1146066944110924	1146066919837309
1146066927765617	1146066952434848	1146066929730232
1146066935625924	1146066960751463	1146066937279232
1146066943189694	1146066969099771	1146066945389001
1146066952116694	1146066977395232	1146066954007540
1146066959981924	1146066985710232	1146066962292771
1146066968724155	1146066994013078	1146066970754848
1146066978309309	1146067002362924	1146066980114924
1146066986452386	1146067010652078	1146066987968694
1146066994342309	1146067019150001	1146066995744694
1146067000806617	1146067027284386	1146067003065924
1146067009272155	1146067035600155	1146067011204694
1146067017575771	1146067043936078	1146067019463848
1146067026323232	1146067052263155	1146067028252694
1146067034390924	1146067060564155	1146067036691155
1146067043808694	1146067068879848	1146067046135232
1146067052661617	1146067077212386	1146067054289386
1146067060225694	1146067085582001	1146067061729617
1146067069648386	1146067093845309	1146067071335232
1146067077240078	1146067102163232	1146067078947771
1146067085819848	1146067110492463	1146067087629617
1146067093163848	1146067118873694	1146067095277924
1146067102022848	1146067127095155	1146067103806232
1146067110094001	1146067135420386	1146067112110848
1146067117957924	1146067143801924	1146067120797309
1146067127134540	1146067152110848	1146067129146001
1146067135320155	1146067160388155	1146067137367848
1146067142607463	1146067168702232	1146067144958001
1146067151316771	1146067177003463	1146067153540078
1146067163042924	1146067185322232	1146067163736463
1146067170093386	1146067193647848	1146067171900155
1146067177341078	1146067201965386	1146067179048463
1146067184855463	1146067210284078	1146067186492463
1146067192934848	1146067218645309	1146067194538001
1146067201159540	1146067226979848	1146067203091155
1146067210075771	1146067235230540	1146067211569001
1146067217349001	1146067243591155	1146067219033617
1146067226819848	1146067251873309	1146067228232155
1146067235756771	1146067260182540	1146067237353001
1146067244725078	1146067268538001	1146067245582309
1146067251203848	1146067276835540	1146067252598232
1146067258881924	1146067285133078	1146067260863463
1146067268933309	1146067293515155	1146067270845309
1146067277300155	1146067301792463	1146067278841386
1146067285133617	1146067310099232	1146067286688771
1146067293336386	1146067318425617	1146067294772463
1146067301676078	1146067326753386	1146067303218848
1146067308799848	1146067335063848	1146067310759463
1146067317195463	1146067343392463	1146067319034309
1146067326696771	1146067351718924	1146067328144694
1146067334098617	1146067360122924	1146067336114617
1146067343321386	1146067368350001	1146067344797694
1146067351136155	1146067376681386	1146067353063848
1146067360225924	1146067385014848	1146067361320463
1146067367954309	1146067393543155	1146067369735771
1146067376146540	1146067401643771	1146067377846924
1146067385558309	1146067409958617	1146067386899848
1146067390976771	1146067418309617	1146067393200078
1146067407805386	1146067426628155	1146067411596078
1146067411368463	1146067434906848	1146067413357309
1146067416384386	1146067443222001	1146067418198924
1146067424128078	1146067451550001	1146067426070848
1146067433693386	1146067459863232	1146067435477078
1146067441082001	1146067468244463	1146067442833617
1146067448385617	1146067476556771	1146067450839540
1146067456866001	1146067484879848	1146067459216078
1146067465092386	1146067493136771	1146067467653078
1146067475011463	1146067501438309	1146067477111463
1146067483865386	1146067509968155	1146067485863848
1146067491006924	1146067518082309	1146067493409924
1146067498885001	1146067526391463	1146067501090617
1146067507413078	1146067534707848	1146067509812155
1146067515216694	1146067543021386	1146067516953617
1146067523203771	1146067551349694	1146067525494309
1146067531506001	1146067559672463	1146067533936694
1146067539897386	1146067568006232	1146067542236155
1146067549561078	1146067576326848	1146067551639771
1146067558099155	1146067584623155	1146067559966540
1146067565515155	1146067592945924	1146067568090001
1146067575032386	1146067601356078	1146067577064771
1146067583445617	1146067609584078	1146067585637078
1146067592374309	1146067617896771	1146067594307848
1146067600177617	1146067626294540	1146067602441924
1146067608216463	1146067634532694	1146067610326309
1146067616649309	1146067642849386	1146067618981001
1146067624970540	1146067651209924	1146067627301309
1146067632777309	1146067659466924	1146067635047232
1146067640377309	1146067667789617	1146067643124694
1146067649021078	1146067676113001	1146067651224771
1146067657046540	1146067684462232	1146067659104386
1146067664771771	1146067692957694	1146067667105078
1146067673045694	1146067701066924	1146067675382848
1146067683063848	1146067709422309	1146067685051848
1146067692247848	1146067717766309	1146067694357617
1146067699906924	1146067726362232	1146067702024155
1146067708172463	1146067734365001	1146067710202232
1146067717952463	1146067742675848	1146067719931540
1146067725594617	1146067751233001	1146067727595540
1146067734314309	1146067759427232	1146067736394540
1146067741992078	1146067767625078	1146067744185694
1146067750573386	1146067775942001	1146067752665078
1146067758957078	1146067784240155	1146067761150924
1146067767666001	1146067792825386	1146067769786924
1146067776167155	1146067800878309	1146067778263155
1146067784371848	1146067809195463	1146067786147155
1146067791837617	1146067817518001	1146067793843540
1146067800545386	1146067825874848	1146067802595848
1146067808378617	1146067834136463	1146067810616463
1146067815780386	1146067842462001	1146067818174617
1146067822990232	1146067851050617	1146067825620463
1146067831596771	1146067859105694	1146067833695771
1146067841216386	1146067867641309	1146067843327463
1146067849936694	1146067875751771	1146067852180463
1146067857980155	1146067884166924	1146067860158540
1146067866473001	1146067892373924	1146067869022617
1146067875031540	1146067900689386	1146067877373001
1146067884499232	1146067908985694	1146067886293001
1146067891889078	1146067917351155	1146067893971232
1146067899982617	1146067925777386	1146067902033078
1146067916077309	1146067934083155	1146067918096694
1146067918498309	1146067942260463	1146067919842540
1146067924740155	1146067950589309	1146067926698309
1146067933608694	1146067958907771	1146067935204386
1146067941231232	1146067967291848	1146067943389001
1146067949608155	9223372036854775807	1146067951850925
