8333333
1145873638582605	1145873664799759	1145873641047759
1145873647011528	1145873673052144	1145873649260144
1145873657168144	1145873681362605	1145873658932990
1145873664177682	1145873689675451	1145873666316990
1145873672824144	1145873697988990	1145873674245374
1145873681183144	1145873706333682	1145873682368759
1145873690504759	1145873714774913	1145873692126221
1145873698009298	1145873722951221	1145873699782836
1145873706764759	1145873731268990	1145873708259528
1145873714194913	1145873739586836	1145873716193298
1145873722252374	1145873747911221	1145873723737913
1145873730817067	1145873756226913	1145873732613298
1145873741376759	1145873764555221	1145873742536144
1145873747121374	1145873772844144	1145873749269374
1145873755379836	1145873781190913	1145873757550605
1145873764462605	1145873789483836	1145873765831221
1145873772396759	1145873797812759	1145873774445913
1145873781143836	1145873806118298	1145873782677682
1145873789217298	1145873814429913	1145873790674298
1145873797057298	1145873822773298	1145873798321913
1145873806657298	1145873831069605	1145873807960067
1145873813531144	1145873839405067	1145873815338221
1145873821988990	1145873847704759	1145873823426298
1145873830139451	1145873856020451	1145873831659451
1145873839220759	1145873864386221	1145873840553913
1145873847348067	1145873872681682	1145873849022605
1145873855890221	1145873880966298	1145873857408451
1145873863889298	1145873889297067	1145873865588990
1145873872185298	1145873897610913	1145873873825298
1145873880746298	1145873905992144	1145873882495836
1145873889272990	1145873914255221	1145873890526528
1145873897324990	1145873922550913	1145873898878298
1145873905991221	1145873930913298	1145873907528067
1145873912704451	1145873939232451	1145873914622528
1145873920960374	1145873947529605	1145873922974913
1145873929864451	1145873955822605	1145873931617990
1145873940957682	1145873964177374	1145873941413298
1145873946973298	1145873972596067	1145873948968682
1145873954148759	1145873980777298	1145873956152682
1145873962282528	1145873989247759	1145873964148144
1145873971969913	1145873997424374	1145873973697682
1145873979855759	1145874005840067	1145873982117913
1145873988461682	1145874014052374	1145873990221913
1145873996328144	1145874022386221	1145873998126836
1145874004778298	1145874030681298	1145874006962836
1145874012806221	1145874039033067	1145874015424682
1145874022076759	1145874047314221	1145874023681298
1145874029498605	1145874055642913	1145874031405067
1145874038032451	1145874063952067	1145874039894913
1145874046093298	1145874072299451	1145874048193990
1145874055144451	1145874080663836	1145874057239528
1145874063005067	1145874088944759	1145874064370836
1145874072444144	1145874097224451	1145874074767759
1145874082005298	1145874105544374	1145874083452759
1145874088903451	1145874113916990	1145874091044374
1145874104993374	1145874122170528	1145874107086221
1145874107603836	1145874130580759	1145874108665605
1145874111986836	1145874138802298	1145874113724990
1145874119246298	1145874147131451	1145874121710836
1145874133052990	1145874155470913	1145874135001605
1145874136822605	1145874163812067	1145874138372144
1145874146414221	1145874172120990	1145874148544067
1145874154963451	1145874180415451	1145874157056990
1145874163824451	1145874188709067	1145874165720759
1145874173789374	1145874197046913	1145874175732144
1145874179819144	1145874205345990	1145874181784144
1145874188202913	1145874213700990	1145874190496144
1145874195727528	1145874221989374	1145874198025913
1145874204328451	1145874230314913	1145874206378528
1145874212981298	1145874238664682	1145874215332067
1145874221185374	1145874246962836	1145874223264144
1145874229250605	1145874255248144	1145874231604067
1145874237681067	1145874263698913	1145874239938298
1145874246201067	1145874271948144	1145874248837374
1145874255470836	1145874280230913	1145874257668374
1145874263027221	1145874288542528	1145874265245374
1145874271836990	1145874296826913	1145874273521298
1145874279318605	1145874305154605	1145874281448759
1145874288082836	1145874313464067	1145874290143451
1145874295675759	1145874321816067	1145874297825682
1145874303419836	1145874330102836	1145874305529913
1145874312537990	1145874338497067	1145874314039528
1145874318576759	1145874346734836	1145874320905298
1145874327531528	1145874355141067	1145874329843528
1145874335801374	1145874363427759	1145874338037067
1145874344442913	1145874371727836	1145874346527759
1145874352750221	1145874380439144	1145874354828451
1145874362112759	1145874388321682	1145874363952067
1145874370791759	1145874396653682	1145874372768990
1145874379071451	1145874405037605	1145874381006298
1145874387645913	1145874413610528	1145874389700067
1145874395512682	1145874421600682	1145874397927836
1145874404191144	1145874429920759	1145874406356990
1145874411975836	1145874438235759	1145874414416759
1145874420224451	1145874446556451	1145874422301375
1145874428536451	1145874454871221	1145874430848375
1145874437394836	1145874463257682	1145874439716990
1145874445348682	1145874471492759	1145874447777375
1145874452887759	1145874479803759	1145874455201375
1145874460856067	1145874488124067	1145874463366836
1145874468317990	1145874496441682	1145874470726298
1145874476924144	1145874504872375	1145874479241375
1145874484810528	1145874513093990	1145874487152682
1145874493224067	1145874521411144	1145874495527221
1145874504347528	1145874529722913	1145874506808144
1145874512605682	1145874538049682	1145874514563144
1145874520733990	1145874546371528	1145874522519144
1145874528482605	1145874554689605	1145874530629913
1145874536823144	1145874563011759	1145874538926221
1145874545064067	1145874571316451	1145874547977990
1145874553236144	1145874579626298	1145874555574913
1145874562541913	1145874588042836	1145874565789682
1145874570759759	1145874596257990	1145874572907451
1145874579517067	1145874604581682	1145874581789067
1145874585791528	1145874612891221	1145874588105682
1145874594896759	1145874621359759	1145874596781298
1145874612179528	1145874629544144	1145874616164144
1145874614164451	1145874637858836	1145874617619451
1145874618777375	1145874646168375	1145874621385682
1145874627587221	1145874654485913	1145874629797067
1145874637180990	1145874662866836	1145874639356759
1145874645644375	1145874671320375	1145874647596067
1145874654331144	1145874679453682	1145874656480451
1145874661812451	1145874688041067	1145874663836682
1145874670405067	1145874696067451	1145874672409298
1145874681081298	9223372036854775807	1145874681857375
1145874687201913	9223372036854775807	1145874689138836
