8333333
1146207540172471	1146207565807471	1146207541465702
1146207548814548	1146207574084394	1146207550165933
1146207556130317	1146207582401625	1146207557952702
1146207565189317	1146207590717010	1146207566689625
1146207574097317	1146207599041394	1146207575966856
1146207582347548	1146207607354625	1146207584363548
1146207589933010	1146207615770010	1146207591708087
1146207597885702	1146207623985317	1146207599764087
1146207606665702	1146207632306856	1146207608620087
1146207615652779	1146207640622010	1146207617268394
1146207623232087	1146207649032164	1146207625233010
1146207631077010	1146207657410317	1146207632745087
1146207639902317	1146207665617702	1146207641708779
1146207648409933	1146207673900702	1146207649697394
1146207657741317	1146207682309394	1146207658935779
1146207666153625	1146207690528394	1146207667842317
1146207674200394	1146207698886241	1146207675801317
1146207682593010	1146207707160164	1146207683876394
1146207691041394	1146207715473702	1146207692609087
1146207698919548	1146207723804471	1146207700316779
1146207706939548	1146207732212164	1146207708414317
1146207714461625	1146207740471241	1146207716412087
1146207723871548	1146207748746317	1146207725344471
1146207732453087	1146207757097625	1146207733743164
1146207739793087	1146207765383779	1146207741688702
1146207747946856	1146207773699471	1146207750184779
1146207757042010	1146207782010933	1146207758758548
1146207765625317	1146207790358317	1146207767057317
1146207772745625	1146207798632164	1146207774470933
1146207781915241	1146207806965087	1146207783550317
1146207789477702	1146207815314241	1146207790900471
1146207798074933	1146207823616702	1146207799746933
1146207806953010	1146207832008394	1146207808274933
1146207815231241	1146207840292702	1146207816848702
1146207823697702	1146207848682010	1146207824946317
1146207831295241	1146207856888471	1146207833458010
1146207839710241	1146207865174856	1146207841775856
1146207847782010	1146207873495241	1146207850041010
1146207856173625	1146207881802317	1146207858162317
1146207866313087	1146207890126317	1146207868193625
1146207874088087	1146207898476471	1146207875336471
1146207882226856	1146207906768164	1146207883506241
1146207889412471	1146207915069010	1146207890890625
1146207897749702	1146207923468394	1146207899449087
1146207906078933	1146207931718856	1146207907688702
1146207914025087	1146207940028779	1146207916041625
1146207924321010	1146207948515779	1146207924889702
1146207931086010	1146207956663164	1146207933058241
0	1146207964981702	1146207963139164
1146207957249702	1146207973289394	1146207964197087
1146207965991548	1146207981595856	1146207968153317
1146207973248779	1146207989972702	1146207974779548
1146207980896702	1146207998234625	1146207982536471
1146207989160394	1146208006556702	1146207990661010
1146207998021625	1146208014864164	1146207999772702
1146208005323164	1146208023188164	1146208007118856
1146208013270856	1146208031529394	1146208015171856
1146208021863779	1146208039816394	1146208023933317
1146208030353394	1146208048133933	1146208032238317
1146208038715856	1146208056474856	1146208040506010
1146208047051779	1146208064829625	1146208048899471
1146208058174241	1146208073080471	1146208058893702
1146208069048471	1146208081403856	1146208070490317
1146208072573394	1146208089722625	1146208073853087
1146208081049317	1146208098038548	1146208082590548
1146208088510625	1146208106379779	1146208090402241
1146208097068394	1146208114920779	1146208099082548
1146208106170241	1146208122996394	1146208107945087
1146208114229625	1146208131350625	1146208115910933
1146208122336394	1146208139656087	1146208124511548
1146208130377394	1146208147963241	1146208132697010
1146208138939471	1146208156280471	1146208141088087
1146208147176702	1146208164607856	1146208149225625
1146208155388779	1146208172913087	1146208157257625
1146208165306933	1146208181274317	1146208166639779
1146208171484779	1146208189569087	1146208173258856
1146208179624779	1146208197865087	1146208181466625
1146208187802317	1146208206184164	1146208189687471
1146208196167856	1146208214509933	1146208198074856
1146208204459471	1146208222813933	1146208206497317
1146208212796164	1146208231139856	1146208214493087
1146208221202856	1146208239473317	1146208223224394
1146208230450856	1146208247830010	1146208232051164
1146208238721010	1146208256201087	1146208240405010
1146208247865702	1146208264401625	1146208249147779
1146208256446548	1146208272759779	1146208257729010
1146208263725317	1146208281078241	1146208265229010
1146208271939164	1146208289403241	1146208274060779
1146208279782856	1146208297673394	1146208281153010
1146208289088087	1146208305985394	1146208291020779
1146208297617394	1146208314303548	1146208299296087
1146208306707548	1146208322619164	1146208307224471
1146208312964471	1146208330927471	1146208314821087
1146208321684702	1146208339259164	1146208323368702
1146208329543164	1146208347561087	1146208331125087
1146208337387856	1146208355873317	1146208339461317
1146208346614548	1146208364202241	1146208348422933
1146208354021933	1146208372588471	1146208356049317
1146208362617317	1146208380847856	1146208364657317
1146208371819548	1146208389154241	1146208373714625
1146208379937933	1146208397470317	1146208381877010
1146208389124471	1146208405794856	1146208390058933
1146208397147164	1146208414196087	1146208398373702
1146208405599164	1146208422413087	1146208407580779
1146208413944164	1146208430735241	1146208416165010
1146208423281394	1146208439067164	1146208425151779
1146208431577394	1146208447374625	1146208433119471
1146208438100087	1146208455674933	1146208439932702
1146208456747471	1146208472310856	1146208461265394
1146208458607856	1146208480632779	1146208465253010
1146208463999548	1146208488945625	1146208466857087
1146208471345394	1146208497258856	1146208473165625
1146208480239471	1146208505623241	1146208481820394
1146208488667241	1146208513928394	1146208490306856
1146208496721933	1146208522212164	1146208498676394
1146208505157625	1146208530610548	1146208507019548
1146208515075471	1146208538843548	1146208516332779
1146208522031164	1146208547157087	1146208523460471
1146208529909625	1146208555472164	1146208532255856
1146208538441702	1146208563778933	1146208540429702
1146208546286856	1146208572148779	1146208548892087
1146208555209625	1146208580424087	1146208557077625
1146208562747856	1146208588731548	1146208564737702
1146208571455548	1146208597068087	1146208573573625
1146208580125087	1146208605443856	1146208582218625
1146208587878010	1146208613688087	1146208589923471
1146208595322318	9223372036854775807	1146208597411856
