8333333
1145797621703755	1145797646729601	1145797623680370
1145797629339831	1145797655103524	1145797631300985
1145797637201601	1145797663389601	1145797639393293
1145797646878831	1145797671778293	1145797648522524
1145797655286601	1145797680069601	1145797657069908
1145797662696447	1145797688413370	1145797664610524
1145797670733370	1145797696904678	1145797672858831
1145797679361678	1145797705182293	1145797681196370
1145797687028370	1145797713471447	1145797688869601
1145797695814908	1145797721804370	1145797697632447
1145797705128985	1145797730128755	1145797706434524
1145797714319755	1145797738455524	1145797715706216
1145797721564447	1145797746790908	1145797723242831
1145797728952985	1145797755144062	1145797730717062
1145797738653601	1145797763630524	1145797740233908
1145797746650908	1145797771812447	1145797748240447
1145797754920755	1145797780150908	1145797756431216
1145797763387447	1145797788489985	1145797765170293
1145797772220370	1145797796828139	1145797773717601
1145797779375139	1145797805174293	1145797781298601
1145797787448678	1145797813532755	1145797789239216
1145797795773985	1145797821842216	1145797797658524
1145797804835139	1145797830216062	1145797806106908
1145797814389601	1145797838521370	1145797815573985
1145797821935524	1145797846865293	1145797823850524
1145797829447447	1145797855245601	1145797830743524
1145797838574831	1145797863554908	1145797840183524
1145797846445985	1145797871888370	1145797848433293
1145797854601062	1145797880230831	1145797856833370
1145797874450601	1145797888561908	1145797877934524
1145797878647755	1145797896893370	1145797879532755
1145797881517985	1145797905247216	1145797883178524
1145797887690293	1145797913590216	1145797889519139
1145797895527216	1145797921926216	1145797897529062
1145797904824139	1145797930257678	1145797906338524
1145797913908755	1145797938599831	1145797915133985
1145797920143447	1145797946936139	1145797922197370
1145797929337601	1145797955285601	1145797931800755
1145797937608985	1145797963616678	1145797939464447
1145797945755755	1145797972026293	1145797947734293
1145797954355524	1145797980310293	1145797956340062
1145797963516062	1145797988657062	1145797964963216
1145797970986293	1145797997033293	1145797972954601
1145797979065985	1145798005341062	1145797981449678
1145797990085985	1145798013668678	1145797991614216
1145797997002216	1145798022001601	1145797999000062
1145798004609678	1145798030337678	1145798007303139
1145798012844139	1145798038677601	1145798015169293
1145798022296062	1145798047014216	1145798024124678
1145798030026908	1145798055361062	1145798031850908
1145798038537293	1145798063702293	1145798040397678
1145798047102831	1145798072092062	1145798049305062
1145798054571447	1145798080424139	1145798056478293
1145798063020678	1145798088718601	1145798064944678
1145798071670831	1145798097102293	1145798073355524
1145798079747447	1145798105458831	1145798082105985
1145798087984985	1145798113748139	1145798090019831
1145798096125601	1145798122077062	1145798097917678
1145798104401370	1145798130452370	1145798106349601
1145798112150601	1145798138748678	1145798114265908
1145798121601370	1145798147105370	1145798123541908
1145798130519755	1145798155454293	1145798132425908
1145798138589370	1145798163776370	1145798140477293
1145798146335524	1145798172105370	1145798148352062
1145798154500755	1145798180552370	1145798156331216
1145798163079831	1145798188803831	1145798165070216
1145798171451216	1145798197139832	1145798173395139
1145798179606831	1145798205745062	1145798181598524
1145798188901370	1145798213880370	1145798190344062
1145798197215832	1145798222139524	1145798198421601
1145798206060755	1145798230480678	1145798207280985
1145798211736139	1145798238811832	1145798213902216
1145798221658524	1145798247157985	1145798223539755
1145798229816062	1145798255500678	1145798231491447
1145798236639447	1145798263856755	1145798238609985
1145798246337062	1145798272227524	1145798248279139
1145798253272985	1145798280534293	1145798255484985
1145798262962216	1145798288885293	1145798264877908
1145798269609908	1145798297199447	1145798271883832
1145798278139755	1145798305548447	1145798280295216
1145798286769908	1145798313878908	1145798288991755
1145798296937678	1145798322212139	1145798298613601
1145798304978832	1145798330586524	1145798306308678
1145798313589908	1145798338902216	1145798315161678
1145798320962601	1145798347231524	1145798322574908
1145798329974216	1145798355578832	1145798331865985
1145798338251447	1145798363921062	1145798339710216
1145798346970601	1145798372244370	1145798348923447
1145798355568985	1145798380586601	1145798357134908
1145798370828755	1145798388931832	1145798375818832
1145798372130293	1145798397269908	1145798377437601
1145798377855755	1145798405601062	1145798379240755
1145798387103139	1145798413964755	1145798389244139
1145798395552139	1145798422286908	1145798397471447
1145798403569678	1145798430626832	1145798405569678
1145798411378832	1145798439021908	1145798413440985
1145798420440062	1145798447303832	1145798422557678
1145798428794908	1145798455659139	1145798431030524
1145798436490216	1145798463972985	1145798438760678
1145798446816062	1145798472342216	1145798448808985
1145798454783524	1145798480664139	1145798456985985
1145798462683139	1145798488996370	1145798464596447
1145798471904139	1145798497439832	1145798474054832
1145798480972755	1145798505701293	1145798482838832
1145798487560985	1145798514076447	1145798489689370
1145798497111447	1145798522376755	1145798498425678
1145798505686216	1145798530701908	1145798507411755
1145798514338293	1145798539032370	1145798516101601
1145798521417293	1145798547442293	1145798523645985
1145798529986601	1145798555769293	1145798531957601
1145798538037601	1145798564075755	1145798540076139
1145798546503216	1145798572388139	1145798548425985
1145798554738832	1145798580741985	1145798556724062
1145798563205908	1145798589088370	1145798565213062
1145798570601985	1145798597433678	1145798572717678
1145798579427139	1145798605790601	1145798581532447
1145798588314908	1145798614120062	1145798590221062
1145798596580447	1145798622459447	1145798598420370
1145798605802524	1145798630805678	1145798607866601
1145798612613908	1145798639175447	1145798614882832
1145798621892447	1145798647489678	1145798623641985
1145798630771447	1145798655848755	1145798632627755
1145798638045293	1145798664176370	1145798640287832
1145798647982293	1145798672517370	1145798649244139
1145798654791832	1145798680880062	1145798656870832
1145798664184678	1145798689207216	1145798665963524
1145798670603524	9223372036854775807	1145798672742524
