8333333
1145926291288070	1145926316811531	1145926292818916
1145926300474224	1145926325152070	1145926301858301
1145926308688762	1145926333484378	1145926310200993
1145926316992685	1145926341898916	1145926318228455
1145926324510224	1145926350072070	1145926326025685
1145926333698839	1145926358431762	1145926335111531
1145926341364070	1145926366778531	1145926342684147
1145926349552762	1145926375063839	1145926351316147
1145926367390839	1145926383399147	1145926374085301
1145926370503531	1145926391674301	1145926375863224
1145926376875455	1145926399980070	1145926379108762
1145926381892762	1145926408325993	1145926383281993
1145926390179224	1145926416661993	1145926392234916
1145926398624147	1145926424946916	1145926400593608
1145926407547147	1145926433359762	1145926409513993
1145926415633993	1145926441660147	1145926417755455
1145926424803224	1145926449939224	1145926426835762
1145926432458224	1145926458242608	1145926434370916
1145926441625378	1145926466546608	1145926443565070
1145926449251224	1145926474870301	1145926451135147
1145926457234916	1145926483177685	1145926459003531
1145926466144993	1145926491484993	1145926467897378
1145926474489378	1145926499808685	1145926476161301
1145926482605993	1145926508172455	1145926484864685
1145926490343455	1145926516451839	1145926492516455
1145926498471762	1145926524780685	1145926500498839
1145926507108762	1145926533108685	1145926509337916
1145926516178301	1145926541445685	1145926518489916
1145926525326608	1145926549721993	1145926526966916
1145926532706608	1145926558062608	1145926535295762
1145926540250608	1145926566386916	1145926542273685
1145926548904993	1145926574697916	1145926551091455
1145926557518608	1145926583004070	1145926559255224
1145926565592378	1145926591482301	1145926567739839
1145926574334301	1145926599647762	1145926576194531
1145926583034531	1145926607968993	1145926585051839
1145926590219147	1145926616286839	1145926592366839
1145926599548685	1145926624692993	1145926601304147
1145926608960147	1145926632920147	1145926610388762
1145926616204762	1145926641280762	1145926617852147
1145926624568147	1145926649553993	1145926627017916
1145926631241608	1145926657931531	1145926633319531
1145926640201608	1145926666239839	1145926642074839
1145926648992762	1145926674518301	1145926651067839
1145926659761070	1145926682829378	1145926660711147
1145926664941608	1145926691154301	1145926666819839
1145926675279455	1145926699488147	1145926676150839
1145926681937993	1145926707774608	1145926683374224
1145926694985378	1145926716207455	1145926696571455
1145926699443762	1145926724455224	1145926700710301
1145926706559455	1145926732750916	1145926708474916
1145926718887455	1145926741202839	1145926720349685
1145926725354531	1145926749392762	1145926726471455
1145926731920378	1145926757704685	1145926733808070
1145926741460070	1145926766025301	1145926743108378
1145926748882839	1145926774339147	1145926750557608
1145926757075762	1145926782669685	1145926758529993
1145926766065070	1145926790985301	1145926767374301
1145926773560070	1145926799319147	1145926775492993
1145926782977070	1145926807612378	1145926784365916
1145926790700685	1145926815921993	1145926792280378
1145926798959224	1145926824251224	1145926800639455
1145926807903762	1145926832560762	1145926809631224
1145926815384993	1145926840878531	1145926817189993
1145926823741070	1145926849208070	1145926825516455
1145926831491455	1145926857524147	1145926833276455
1145926840455224	1145926865839839	1145926842385070
1145926851204070	1145926874156993	1145926853019147
1145926857111147	1145926882468685	1145926859920993
0	1145926890828070	1145926878184147
1145926878570916	1145926899112455	1145926879952455
1145926880419839	1145926907432378	1145926883303455
1145926889250301	1145926915896685	1145926891375839
1145926897615531	1145926924148685	1145926899839455
1145926906061301	1145926932391455	1145926908358224
1145926914620455	1145926940706301	1145926916925378
1145926922916070	1145926949010839	1145926925197685
1145926932255455	1145926957338608	1145926933916455
1145926940518916	1145926965650301	1145926942181916
1145926947736685	1145926974029070	1145926949743839
1145926955773301	1145926982340147	1145926957834608
1145926963594301	1145926990610608	1145926965817993
1145926971588762	1145926998964070	1145926973789916
1145926979858531	1145927007247455	1145926982102301
1145926990741608	1145927015598608	1145926992591455
1145926998605993	1145927023911224	1145927000768685
1145927006974608	1145927032199762	1145927009173685
1145927014569916	1145927040569916	1145927016884993
1145927024570916	1145927048884147	1145927026388993
1145927032524993	1145927057154531	1145927034320993
1145927040738608	1145927065474839	1145927042692762
1145927048619839	1145927073830608	1145927050377070
1145927056847531	1145927082102301	1145927058534608
1145927065713070	1145927090429070	1145927067753378
1145927073686839	1145927098786531	1145927075381685
1145927080894839	1145927107131839	1145927083114916
1145927091989070	1145927115384147	1145927092601685
1145927097870839	1145927123693070	1145927099501993
1145927104785070	1145927132016070	1145927106893993
1145927113932685	1145927140330839	1145927116194916
1145927122969608	1145927148665301	1145927125219531
1145927130340378	1145927157025378	1145927132508685
1145927139017608	1145927165296993	1145927140987147
1145927147644993	1145927173619531	1145927149595531
1145927157175455	1145927181957378	1145927158497301
1145927165428378	1145927190253916	1145927167192070
1145927172617608	1145927198573993	1145927174983455
1145927182025378	1145927206904147	1145927183586301
1145927189177301	1145927215355839	1145927191005916
1145927197423531	1145927223621993	1145927199561070
1145927207919762	1145927231827147	1145927208679455
1145927215388070	1145927240210301	1145927216793378
1145927223368993	1145927248471224	1145927225129608
1145927231716147	1145927256843762	1145927233261378
1145927237870916	1145927265124685	1145927239585301
1145927247240378	1145927273433685	1145927249101916
1145927255125378	1145927281846224	1145927256865916
1145927264558839	1145927290070916	1145927266264070
1145927273079839	1145927298411762	1145927275331224
1145927281537070	1145927306726532	1145927283403455
1145927289305993	1145927315041608	1145927290776070
1145927298539224	1145927323453301	1145927300209070
1145927306990916	1145927331679532	1145927308417608
1145927314946608	1145927339999839	1145927316873301
1145927322286301	1145927348332762	1145927323961916
1145927330953685	1145927356639224	1145927332933301
1145927339409916	9223372036854775807	1145927341220685
