8333333
1145932155337686	1145932181088763	1145932156994609
1145932164169609	1145932189415839	1145932166438301
1145932172392378	1145932197723455	1145932174136455
1145932181203147	1145932206050609	1145932182699224
1145932188498532	1145932214361686	1145932190157301
1145932197936763	1145932222674609	1145932199297378
1145932205912378	1145932231018839	1145932207384686
1145932213453609	1145932239303224	1145932215269993
1145932222684147	1145932247628993	1145932223989301
1145932231137916	1145932255954609	1145932232411839
1145932238130301	1145932264263763	1145932239965916
1145932246681070	1145932272582532	1145932248102301
1145932256545993	1145932280896686	1145932257168378
1145932263327455	1145932289239532	1145932265389609
1145932271950609	1145932297545993	1145932273860455
1145932279670224	1145932305861609	1145932281656378
1145932290780378	1145932314187763	1145932291804070
1145932298540378	1145932322498916	1145932298998839
1145932306688993	1145932330895763	1145932307401916
1145932312813378	1145932339242224	1145932314771147
1145932321090224	1145932347453686	1145932323240147
1145932329935147	1145932355772070	1145932331974301
1145932338260993	1145932364188455	1145932340680686
1145932347727763	1145932372402609	1145932349259532
1145932356949686	1145932380735763	1145932359365686
1145932364302609	1145932389029916	1145932366206609
1145932374114609	1145932397360686	1145932375413609
1145932378503763	1145932405679147	1145932380458301
1145932387475763	1145932414018301	1145932389282916
1145932396502224	1145932422318609	1145932397879455
1145932405623763	1145932430724763	1145932406704763
1145932413251455	1145932438956378	1145932414922840
1145932421076378	1145932447263147	1145932423021916
1145932429796378	1145932455600763	1145932431651532
1145932439174224	1145932463899763	1145932440473609
1145932453107147	1145932472232378	1145932455049993
1145932455497070	1145932480536763	1145932456922301
1145932462481916	1145932488849070	1145932464534301
1145932472535840	1145932497175147	1145932473665686
1145932479652686	1145932505509916	1145932481519224
1145932487513609	1145932513821378	1145932489347763
1145932495888455	1145932522157916	1145932497669916
1145932504200993	1145932530499763	1145932505769378
1145932513355532	1145932538800686	1145932515406301
1145932520674840	1145932547083763	1145932522438609
1145932529618224	1145932555532070	1145932531124147
1145932537941070	1145932563726532	1145932540131532
1145932546900147	1145932572088455	1145932548935532
1145932555505070	1145932580396147	1145932557026224
1145932563582916	1145932588715840	1145932565138301
1145932572175532	1145932596997070	1145932573859840
1145932581005916	1145932605316993	1145932582476070
1145932587997378	1145932613636686	1145932590127224
1145932597213686	1145932621946301	1145932598889686
1145932604238301	1145932630256993	1145932605957378
1145932613441378	1145932638672686	1145932614989686
1145932621547224	1145932646903840	1145932623330532
1145932630872147	1145932655213070	1145932632350840
1145932638626532	1145932663530609	1145932640211840
1145932645748378	1145932671906301	1145932647912378
1145932656548147	1145932680182840	1145932657299840
1145932663249609	1145932688489070	1145932664673993
1145932671455840	1145932696805993	1145932673664147
1145932679928070	1145932705145378	1145932681498916
1145932687860686	1145932713473070	1145932689537993
1145932696571455	1145932721750609	1145932698313916
1145932704918916	1145932730345686	1145932706578532
1145932713389916	1145932738454224	1145932715159532
1145932720891532	1145932746759763	1145932722646301
1145932728933301	1145932755075147	1145932730598609
1145932737773916	1145932763452993	1145932739422532
1145932746834224	1145932771660686	1145932748978532
1145932754762224	1145932780017686	1145932756364070
1145932762401916	1145932788302609	1145932764432455
1145932770195840	1145932796657993	1145932772333686
1145932779240686	1145932804943224	1145932781552686
1145932789035455	1145932813268993	1145932789589301
1145932795186916	1145932821598532	1145932796852455
1145932803901070	1145932829901378	1145932805735532
1145932811312763	1145932838213378	1145932813457686
1145932819310916	1145932846529070	1145932821496993
1145932828419532	1145932854864993	1145932830528070
1145932838907455	1145932863168993	1145932840258532
1145932845761686	1145932871484686	1145932847970840
1145932853894916	1145932879814532	1145932855983147
1145932863322916	1145932888124378	1145932864428455
1145932870764070	1145932896436070	1145932872363763
1145932879203532	1145932904785993	1145932880732763
1145932887582224	1145932913094840	1145932889411532
1145932895386301	1145932921400147	1145932897019224
1145932904630301	1145932929710224	1145932906459532
1145932912432455	1145932938025993	1145932914368070
1145932919862916	1145932946344993	1145932922050609
1145932929524070	1145932954665378	1145932931212455
1145932937145378	1145932963090609	1145932938401916
1145932944576147	1145932971293301	1145932946522840
1145932961219224	1145932979638916	1145932965394532
1145932963721993	1145932988013916	1145932967132686
1145932970151455	1145932996338532	1145932972340070
1145932978080455	1145933004570532	1145932979834224
1145932985945686	1145933013076763	1145932987742224
1145932995628763	1145933021245686	1145932997324070
1145933004134916	1145933029521301	1145933005853686
1145933012227840	1145933037845070	1145933014087224
1145933020340378	1145933046163763	1145933022263840
1145933028279763	1145933054573378	1145933030034840
1145933039061301	1145933062820147	1145933039659532
1145933047668763	1145933071114916	1145933047367224
1145933053259455	1145933079433916	1145933055171840
1145933062783147	1145933087748686	1145933064299763
1145933071070916	1145933096064993	1145933073000686
1145933078399224	1145933104412147	1145933080277378
1145933087792070	1145933112709378	1145933089235224
1145933095954840	1145933121021916	1145933096938840
1145933103075147	1145933129372147	1145933105011532
1145933112257609	1145933137653916	1145933114030224
1145933120549993	1145933145968378	1145933122272686
1145933131317916	1145933154308763	1145933131625916
1145933141990224	1145933162659763	1145933143630916
1145933146471840	1145933170917686	1145933147946840
1145933153457609	1145933179260070	1145933155283455
1145933161133916	1145933187617070	1145933162986916
1145933169223147	1145933195885301	1145933170500455
1145933178563455	1145933204244378	1145933180351532
1145933188332070	1145933212512147	1145933188922916
1145933197218916	1145933220857378	1145933197946224
1145933203367224	9223372036854775807	1145933205340455
