8333333
1146084351741925	1146084377578310	1146084353786002
1146084360509079	1146084385900156	1146084362489387
1146084368518233	1146084394363156	1146084370631849
1146084377938310	1146084402525310	1146084379674310
1146084387943156	1146084410963541	1146084389577310
1146084392729925	1146084419211772	1146084395744464
1146084403076695	1146084427504156	1146084404543464
1146084410534849	1146084435800387	1146084412516079
1146084419049695	1146084444114618	1146084420704695
1146084427014310	1146084452451849	1146084428866541
1146084435134849	1146084460747156	1146084437399233
1146084444373695	1146084469074541	1146084445818618
1146084451686849	1146084477397310	1146084453994925
1146084460661695	1146084485697079	1146084462625387
1146084468570541	1146084494010233	1146084470409387
1146084476955772	1146084502408387	1146084478366849
1146084484280695	1146084510660156	1146084486282849
1146084493371233	1146084518958618	1146084495404387
1146084501910618	1146084527333695	1146084504133002
1146084509945310	1146084535606541	1146084511899849
1146084518793002	1146084543965695	1146084520477310
1146084526337387	1146084552254002	1146084528309079
1146084535987849	1146084560560695	1146084537695156
1146084543957310	1146084569044387	1146084545344387
1146084551706925	1146084577257387	1146084553212156
1146084560680772	1146084585496772	1146084562213695
1146084568560387	1146084593817387	1146084570458233
1146084579273387	1146084602133002	1146084580099233
1146084585084464	1146084610449387	1146084586808772
1146084592508387	1146084618770233	1146084594492695
1146084601062002	1146084627081079	1146084603146233
1146084611537925	1146084635449002	1146084612404156
1146084617859541	1146084643734002	1146084619632772
1146084627082849	1146084652078618	1146084628581618
1146084635949079	1146084660492079	1146084637435464
1146084643288387	1146084668660772	1146084644931156
1146084660191772	1146084676994849	1146084662052079
1146084662966925	1146084685297002	1146084665268695
1146084666979156	1146084693711464	1146084668266310
1146084676659772	1146084701953695	1146084679068464
1146084684781002	1146084710263541	1146084686531156
1146084693359156	1146084718569387	1146084695097310
1146084701460464	1146084726892387	1146084702615541
1146084708864695	1146084735209926	1146084710750926
1146084716986926	1146084743522618	1146084718964695
1146084726714002	1146084751844387	1146084728243156
1146084735030618	1146084760202849	1146084736232464
1146084743477695	1146084768484387	1146084744934310
1146084751580387	1146084776892079	1146084753282541
1146084759129079	1146084785104695	1146084760972156
1146084769317310	1146084793445387	1146084770380387
1146084778150926	1146084801738618	1146084779286541
1146084784819156	1146084810071464	1146084786449618
1146084792757002	1146084818373002	1146084794456156
1146084801022618	1146084826694926	1146084802663233
1146084810360079	1146084835007464	1146084811737310
1146084817769387	1146084843328695	1146084819605002
1146084826482310	1146084851647772	1146084828572156
1146084835996464	1146084859972079	1146084837385002
1146084843006926	1146084868272464	1146084844763849
1146084850462926	1146084876596772	1146084852434541
1146084859499464	1146084885007156	1146084861189079
1146084868582002	1146084893256156	1146084869861695
1146084876869079	1146084901541079	1146084878391772
1146084884788464	1146084909931156	1146084886602541
1146084892642233	1146084918177079	1146084894333695
1146084900729926	1146084926509002	1146084902652387
1146084909529310	1146084934845618	1146084911558233
1146084918102002	1146084943188079	1146084919918926
1146084926101002	1146084951439772	1146084927460079
1146084934267156	1146084959755464	1146084936332156
1146084943841618	1146084968138310	1146084945159849
1146084952418002	1146084976391156	1146084954070541
1146084958844079	1146084984717387	1146084960966310
1146084967308772	1146084993088079	1146084968878002
1146084975082541	1146085001347772	1146084976967541
1146084986157695	1146085009655541	1146084987896156
1146084993380695	1146085017977926	1146084994250541
1146085000413695	1146085026296387	1146085001754849
1146085007360695	1146085034605926	1146085009530002
1146085015756695	1146085042933002	1146085018000156
1146085024108387	1146085051258849	1146085026224079
1146085032952772	1146085059575233	1146085034561387
1146085041612156	1146085067890541	1146085043500079
1146085050432695	1146085076200464	1146085052156079
1146085059261002	1146085084553387	1146085060584387
1146085067142541	1146085092845618	1146085068839156
1146085075548695	1146085101196156	1146085077067772
1146085084705618	1146085109480156	1146085086151772
1146085091528079	1146085117791464	1146085093321079
1146085101176079	1146085126107541	1146085102550310
1146085109576772	1146085134422926	1146085110705926
1146085117547541	1146085142737002	1146085119515772
1146085124935156	1146085151089310	1146085126883772
1146085133849002	1146085159381387	1146085135141695
1146085143056387	1146085167685926	1146085144666002
1146085149109695	1146085176007233	1146085151086310
0	1146085184379772	1146085173153387
1146085169120772	1146085192667464	1146085174839541
1146085174813387	1146085200966541	1146085176629079
1146085183441310	1146085209282541	1146085184811541
1146085191459849	1146085217589002	1146085193386002
1146085201586541	1146085225924464	1146085202689618
1146085208706618	1146085234240772	1146085210550002
1146085216807772	1146085242545002	1146085218346310
1146085225437695	1146085250868079	1146085227258926
1146085234107849	1146085259204772	1146085235368695
1146085241881310	1146085267570849	1146085243625387
1146085250599772	1146085275812772	1146085252323233
1146085259688772	1146085284158233	1146085261183233
1146085267864772	1146085292461002	1146085268965618
1146085276066233	1146085300788695	1146085277782618
1146085283516079	1146085309206541	1146085285340079
1146085290401079	1146085317499541	1146085292376387
1146085300347541	1146085325727772	1146085301875772
1146085306911849	1146085334046233	1146085309229002
1146085316282310	1146085342494926	1146085318206618
1146085326946849	1146085350670849	1146085327511233
1146085333383541	1146085358983464	1146085335257618
1146085341877310	1146085367296464	1146085343285079
1146085351206541	1146085375615772	1146085352597310
1146085358731233	1146085383942002	1146085360195464
1146085367541926	1146085392236695	1146085369391464
1146085376140079	1146085400566002	1146085377401079
1146085384476772	1146085408876695	1146085385809618
1146085391430541	1146085417218541	1146085393151541
1146085398596079	9223372036854775807	1146085400797387
