8333333
1145920486082839	1145920511067146	1145920487678531
1145920493085685	1145920519377070	1145920495035454
1145920503589685	1145920527694608	1145920505223531
1145920513071762	1145920536021377	1145920513121993
1145920519094223	1145920544341377	1145920520812070
1145920526567146	1145920552656146	1145920528329685
1145920535623839	1145920560968070	1145920537454223
1145920544318839	1145920569313608	1145920545646916
1145920552660685	1145920577604762	1145920553968685
1145920560639454	1145920585918839	1145920562282531
1145920570084070	1145920594250608	1145920571603223
1145920576249070	1145920602623762	1145920578237377
1145920585075839	1145920610896993	1145920587084762
1145920595204070	1145920619283531	1145920597405608
1145920601953070	1145920627501916	1145920603983839
1145920611511454	1145920635820146	1145920612351839
1145920621559531	1145920644143762	1145920623000070
1145920627896454	1145920652458223	1145920629424762
1145920635435531	1145920660799839	1145920636787454
1145920643529993	1145920669115454	1145920645440993
1145920652544762	1145920677408993	1145920654344685
1145920659582608	1145920685741916	1145920661408685
1145920668965300	1145920694045685	1145920670083454
1145920678458916	1145920702375531	1145920680130531
1145920685734608	1145920710681377	1145920687210531
1145920692812070	1145920719002531	1145920694617070
1145920701726608	1145920727340993	1145920703926608
1145920712172993	1145920735652070	1145920713672146
1145920717811146	1145920744013685	1145920720233685
1145920727781377	1145920752280454	1145920729504146
1145920734772146	1145920760640454	1145920736709608
1145920744277070	1145920769117070	1145920745580146
1145920751516070	1145920777220993	1145920753224685
1145920760491146	1145920785535762	1145920762862223
1145920768614839	1145920793860762	1145920770734916
1145920787911762	1145920802170916	1145920792579531
1145920791261070	1145920810508454	1145920794238608
1145920795249916	1145920818804762	1145920797608993
1145920800517608	1145920827127531	1145920801673993
1145920809326223	1145920835484070	1145920811400377
1145920817914916	1145920843762531	1145920819994916
1145920828750608	1145920852101916	1145920830794223
1145920834904147	1145920860403147	1145920837605916
1145920843023147	1145920868710223	1145920844954916
1145920851274223	1145920877041300	1145920853495223
1145920859166531	1145920885364685	1145920861409070
1145920868618608	1145920893688070	1145920869616454
1145920877582531	1145920901994223	1145920878815454
1145920884553685	1145920910311454	1145920886054916
1145920892302608	1145920918667223	1145920894267223
1145920901011147	1145920926982839	1145920902836377
1145920908728147	1145920935254223	1145920910611531
1145920917053916	1145920943686608	1145920919151454
1145920927854839	1145920951904762	1145920929349377
1145920934476147	1145920960289377	1145920936658300
1145920942983839	1145920968530916	1145920945054608
1145920950846839	1145920976848454	1145920952862223
1145920959733300	1145920985163839	1145920961243762
1145920967410608	1145920993483839	1145920969461377
1145920977309300	1145921001806916	1145920978377916
1145920983999531	1145921010149608	1145920985926531
1145920992062531	1145921018441916	1145920994078223
1145921000176685	1145921026751839	1145921002169685
1145921009342223	1145921035089993	1145921011444147
1145921017236685	1145921043477993	1145921019185377
1145921025479147	1145921051707147	1145921027285685
1145921036160147	1145921060117993	1145921037099762
1145921043307762	1145921068339531	1145921044905608
1145921051552377	1145921076658608	1145921052780377
1145921060133916	1145921085014300	1145921062052377
1145921068785070	1145921093354223	1145921070984377
1145921075091839	1145921101611839	1145921077063223
1145921083640993	1145921109934531	1145921085501070
1145921092183762	1145921118266916	1145921093713070
1145921100749993	1145921126591147	1145921102533916
1145921108074916	1145921134921916	1145921110113608
1145921116375762	1145921143225300	1145921118478300
1145921124481300	1145921151544685	1145921126580685
1145921132754839	1145921159869300	1145921135114839
1145921142773685	1145921168265377	1145921144461070
1145921151663454	1145921176485377	1145921153238531
1145921159447223	1145921184820685	1145921160799531
1145921167884147	1145921193123762	1145921169705608
1145921177744454	1145921201448147	1145921178076685
1145921184409300	1145921209760147	1145921186082300
1145921194177070	1145921218175762	1145921195610300
1145921201371147	1145921226399762	1145921202660147
1145921208929685	1145921234704147	1145921210490531
1145921217546608	1145921243032147	1145921219044070
1145921225665685	1145921251406916	1145921227306223
1145921233182839	1145921259672070	1145921235127839
1145921241742531	1145921267980070	1145921243669608
1145921250873608	1145921276301300	1145921252422300
1145921257488762	1145921284608993	1145921259509377
1145921266076147	1145921292931223	1145921268273377
1145921274209300	1145921301268147	1145921276281300
1145921288463223	1145921309584377	1145921290314531
1145921292257300	1145921317896454	1145921293557300
1145921300746300	1145921326203839	1145921302403762
1145921309098300	1145921334571839	1145921311014223
1145921317189608	1145921342842531	1145921318832762
1145921325992685	1145921351162916	1145921327974223
1145921335786300	1145921359513070	1145921336682608
1145921341582300	1145921367832377	1145921343418223
1145921352291147	1145921376121300	1145921353535147
1145921359051762	1145921384479223	1145921360551223
1145921367232454	1145921392750300	1145921369102608
1145921374896762	1145921401079147	1145921376872993
1145921385528685	1145921409389916	1145921386576685
1145921391911454	1145921417699839	1145921393666608
1145921402193300	1145921426024993	1145921403742608
1145921409013300	1145921434394300	1145921411204147
1145921415884147	1145921442655454	1145921418106300
1145921425085685	1145921451051762	1145921426733916
1145921433619531	1145921459290916	1145921435557070
1145921441762531	1145921467613685	1145921443395454
1145921451161300	1145921475924993	1145921453006608
1145921458243454	1145921484269993	1145921460261608
1145921467090839	1145921492598916	1145921469061300
1145921474497993	1145921500889377	1145921476605070
1145921484528377	1145921509247839	1145921486317377
1145921493580454	1145921517521300	1145921495273993
1145921500372147	1145921525869300	1145921502591454
1145921508523531	1145921534215223	1145921511447531
1145921517019762	1145921542467223	1145921519410608
1145921525023147	1145921550834608	1145921526969993
1145921532203147	9223372036854775807	1145921534488685
