8333333
1146072680487232	1146072708337694	1146072682715156
1146072687836463	1146072716644079	1146072689974848
1146072695495771	1146072724961617	1146072697368079
1146072704270848	1146072733286848	1146072706350925
1146072711446002	1146072741636079	1146072713442309
1146072720744156	1146072749924386	1146072722459232
1146072730204463	1146072758246617	1146072731743232
1146072740229386	1146072766549386	1146072741726925
1146072745366232	1146072774865925	1146072746987848
1146072754099771	1146072783220079	1146072755954540
1146072761732694	1146072791510232	1146072763771540
1146072770026925	1146072799830540	1146072772130232
1146072778476463	1146072808271848	1146072780415848
1146072785852771	1146072816459156	1146072787712463
1146072794297386	1146072824768771	1146072796337309
1146072802888156	1146072833112771	1146072804549617
1146072810775848	1146072841416463	1146072812813694
1146072820931540	1146072849787156	1146072822773694
1146072827546002	1146072858045925	1146072829431463
1146072838317079	1146072866375540	1146072840248771
1146072845494848	1146072874698617	1146072847421694
1146072853486925	1146072882996156	1146072855515848
1146072862144771	1146072891316771	1146072864472386
1146072871469309	1146072899630617	1146072872876771
1146072879141694	1146072907953386	1146072880709309
1146072886564463	1146072916295463	1146072888401309
1146072895866848	1146072924603540	1146072897885002
1146072902990925	1146072932986848	1146072905112463
1146072912209309	1146072941230309	1146072914102309
1146072920096079	1146072949547463	1146072922008694
1146072930659848	1146072957862925	1146072931881309
1146072937562232	1146072966173386	1146072938938002
1146072944588386	1146072974778309	1146072946345309
1146072952446002	1146072982845002	1146072954275848
1146072961340694	1146072991144079	1146072963233694
1146072969531848	1146072999471848	1146072971592694
1146072979655232	1146073007835156	1146072982030002
1146072991238848	1146073016132694	1146072993537386
1146072995417386	1146073024421079	1146072997724386
1146073002862617	1146073032742848	1146073005341079
1146073012704694	1146073041088463	1146073014481694
1146073019187232	1146073049386848	1146073020887848
1146073028253925	1146073057716771	1146073029832771
1146073035568386	1146073066066540	1146073037483540
1146073046496463	1146073074358925	1146073048709925
1146073053189079	1146073082682925	1146073054663848
1146073062423771	1146073091004463	1146073064304079
1146073071571771	1146073099328156	1146073073838232
1146073080222540	1146073107652079	1146073081273925
1146073085882233	1146073115954233	1146073087762309
1146073094419540	1146073124285694	1146073096407156
1146073103949617	1146073132606925	1146073105923233
1146073112645309	1146073140935848	1146073114561079
1146073119353002	1146073149256463	1146073121012156
1146073128622233	1146073157582617	1146073130383233
1146073136545617	1146073165905079	1146073138371848
1146073146038309	1146073174283463	1146073148519156
1146073152855848	1146073182533002	1146073154657309
1146073161642848	1146073190870925	1146073163553617
1146073171084079	1146073199191771	1146073172712079
1146073177867156	1146073207516386	1146073179414309
1146073186630925	1146073215818925	1146073188559848
1146073195566540	1146073224143848	1146073197552463
1146073203573002	1146073232461925	1146073205456079
1146073210769309	1146073240801925	1146073212815848
1146073218665079	1146073249107156	1146073220773617
1146073228512771	1146073257429002	1146073229648771
1146073236177925	1146073265734925	1146073238188694
1146073247448771	1146073274120771	1146073248475848
1146073254251156	1146073282369617	1146073255356386
1146073262130925	1146073290690309	1146073264188156
1146073269571233	1146073298995156	1146073271619233
1146073277910233	1146073307320386	1146073279777694
1146073286371233	1146073315646925	1146073288298540
1146073295171463	1146073324004463	1146073296536463
1146073302234309	1146073332277309	1146073304059848
1146073312638925	1146073340593925	1146073313872771
1146073319377386	1146073348913617	1146073321532156
1146073326763848	1146073357298540	1146073328554848
1146073336442002	1146073365537694	1146073337958617
1146073344840386	1146073373854540	1146073345796694
1146073351754540	1146073382174309	1146073353246002
1146073359419848	1146073390491540	1146073361210617
1146073367430002	1146073398809386	1146073369613694
1146073375604156	1146073407122540	1146073377697386
1146073384307156	1146073415456386	1146073386417386
1146073392367771	1146073423766925	1146073394436771
1146073402559848	1146073432098848	1146073403734002
1146073410449386	1146073440401694	1146073412399848
1146073419485002	1146073448736079	1146073421320463
1146073428074233	1146073457030848	1146073430243233
1146073434964156	1146073465359233	1146073436863233
1146073445089079	1146073473667848	1146073447348079
1146073454369386	1146073481981386	1146073456618002
1146073460607233	1146073490301925	1146073462817079
1146073469907463	1146073498609925	1146073472442617
1146073477069694	1146073506934309	1146073479245309
1146073484360156	1146073515282233	1146073486277617
1146073496086002	1146073523597309	1146073497883156
1146073500632771	1146073531931540	1146073503018848
1146073508372771	1146073540199540	1146073510671233
1146073516635463	1146073548566540	1146073518943233
1146073524782540	1146073556842002	1146073527078309
1146073535709386	1146073565158617	1146073537428463
1146073543025694	1146073573513002	1146073545169002
1146073552558617	1146073581803156	1146073554113617
1146073561296156	1146073590111156	1146073563421386
1146073568543233	1146073598431848	1146073570643156
1146073579293386	1146073606745386	1146073581638540
1146073587382540	1146073615066309	1146073589586848
1146073592594233	1146073623392463	1146073594773002
1146073601513617	1146073631716156	1146073603806617
1146073609321694	1146073640025925	1146073611311463
1146073617735540	1146073648351771	1146073619905925
1146073626244079	1146073656695156	1146073628281386
1146073633906617	1146073664974848	1146073635815463
1146073643059540	1146073673287156	1146073645300694
1146073652249617	1146073681666617	1146073654332156
1146073662358617	1146073689939463	1146073664210309
1146073668869002	1146073698245694	1146073670706233
1146073678673617	1146073706551771	1146073680512463
1146073685969694	1146073714884386	1146073687859540
1146073693597309	1146073723194540	1146073695634540
1146073702225002	1146073731503540	1146073704317694
1146073710226540	1146073739825694	1146073712209002
1146073719542848	1146073748136463	1146073720869617
1146073726384386	9223372036854775807	1146073728220079
