8333333
1146219260422857	1146219284846857	1146219261908703
1146219266961395	1146219293215780	1146219269220087
1146219275868087	1146219301485010	1146219277836164
1146219283858318	1146219309785087	1146219286086626
1146219292468703	1146219318139472	1146219294640780
1146219300998857	1146219326521934	1146219302974010
1146219309069318	1146219334744472	1146219311076395
1146219317190626	1146219343080703	1146219319389010
1146219325672164	1146219351422549	1146219327855164
1146219334007164	1146219359690857	1146219335727857
1146219342558010	1146219368010318	1146219344466318
1146219350143780	1146219376370241	1146219352568472
1146219359796087	1146219384650318	1146219361754626
1146219367255472	1146219392982010	1146219369506318
1146219375624703	1146219401317318	1146219378099549
1146219383316395	1146219409692164	1146219385286626
1146219391618318	1146219417987780	1146219393932164
1146219401347780	1146219426237318	1146219403580164
1146219408400780	1146219434614934	1146219410408472
1146219416904395	1146219442871472	1146219418941010
1146219425276780	1146219451186857	1146219427295241
1146219433858934	1146219459539241	1146219435858934
1146219442612780	1146219468039549	1146219444787549
1146219450193626	1146219476276395	1146219452467472
1146219460812395	1146219484457934	1146219461912164
1146219466669318	1146219492806318	1146219469074549
1146219475348164	1146219501112395	1146219477356472
1146219483909395	1146219509417395	1146219486322241
1146219491556395	1146219517785703	1146219493725010
1146219500598934	1146219526058318	1146219502434549
1146219508579241	1146219534348395	1146219510691549
1146219517118010	1146219542690241	1146219519283472
1146219527932395	1146219551107241	1146219529750241
1146219533033703	1146219559339472	1146219535756087
1146219541361626	1146219567638010	1146219543421934
1146219550174010	1146219575936395	1146219551955549
1146219558462857	1146219584277318	1146219560588395
1146219566479164	1146219592685318	1146219568598549
1146219576217318	1146219600896395	1146219577982549
1146219583565934	1146219609202857	1146219585999164
1146219592667857	1146219617519549	1146219595016472
1146219600604087	1146219625862857	1146219602299164
1146219618624395	1146219634158934	1146219624597010
1146219622110318	1146219642490318	1146219626285010
1146219627479857	1146219650835241	1146219629598626
1146219633649703	1146219659115472	1146219636458626
1146219641394934	1146219667407472	1146219643459472
1146219651474010	1146219675782626	1146219652721010
1146219658121703	1146219684097010	1146219660059780
1146219666598934	1146219692356164	1146219668615780
1146219678215164	1146219700720395	1146219678324164
1146219684599241	1146219709019780	1146219685632472
1146219691564087	1146219717318934	1146219693607472
1146219699936395	1146219725626318	1146219701771164
1146219708253087	1146219733971472	1146219709975857
1146219716692703	1146219742262626	1146219718652087
1146219725875549	1146219750624395	1146219727683241
1146219733272087	1146219758981395	1146219735326857
1146219743173703	1146219767209703	1146219745600395
1146219751036164	1146219775555780	1146219752411780
1146219757837087	1146219783912780	1146219759998241
1146219766394626	1146219792180395	1146219768381934
1146219774790010	1146219800526857	1146219777158857
1146219785927164	1146219808864703	1146219787528703
1146219791420703	1146219817198318	1146219794298626
1146219801769703	1146219825462010	1146219803101318
1146219809332780	1146219833758318	1146219810482934
1146219816954857	1146219842063549	1146219818688395
1146219825971780	1146219850380087	1146219827869703
1146219833692703	1146219858785318	1146219835708472
1146219841376472	1146219867018241	1146219843421703
1146219848942626	1146219875337703	1146219851148164
1146219860392395	1146219883651549	1146219862319857
1146219866366857	1146219891949626	1146219869019857
1146219874247472	1146219900271472	1146219875622857
1146219882895241	1146219908716703	1146219884941626
1146219891729087	1146219916908780	1146219893325318
1146219900204164	1146219925225010	1146219901587780
1146219907767472	1146219933535241	1146219909482857
1146219915524395	1146219941857087	1146219917468703
1146219924364087	1146219950182857	1146219926301395
1146219931756703	1146219958484164	1146219933825934
1146219940787164	1146219966920087	1146219942704472
1146219948630857	1146219975165703	1146219950624703
1146219957008780	1146219983491857	1146219958838241
1146219967511472	1146219992006241	1146219968932472
1146219975524703	1146220000079241	1146219977189010
1146219982650010	1146220008416087	1146219984345087
1146219991120472	1146220016714241	1146219992887780
1146219998868472	1146220025022010	1146220000812472
1146220007825395	1146220033341318	1146220010030241
1146220016191472	1146220041656472	1146220018128703
1146220025440087	1146220050001626	1146220025970318
1146220031902241	1146220058289318	1146220033671241
1146220040315241	1146220066652087	1146220042020472
1146220048179549	1146220074923857	1146220049995857
1146220057039857	1146220083238549	1146220058430010
1146220064883549	1146220091583780	1146220066637318
1146220073024087	1146220099913010	1146220075166318
1146220081832164	1146220108217087	1146220083978857
1146220089445087	1146220116509318	1146220091500164
1146220098336164	1146220124833626	1146220100391857
1146220106823472	1146220133212087	1146220108818010
1146220127155780	1146220141466318	1146220129062549
1146220130137626	1146220149802857	1146220132482626
1146220133432780	1146220158101087	1146220134689087
1146220139892395	1146220166423472	1146220141784087
1146220148830857	1146220174730010	1146220150735164
1146220156849703	1146220183051549	1146220158796087
1146220165023857	1146220191362241	1146220167122626
1146220175196780	1146220199697626	1146220176118626
1146220183156780	1146220207993318	1146220184386934
1146220192710241	1146220216306011	1146220193453626
1146220199305626	1146220224625087	1146220200588780
1146220206541318	1146220232970857	1146220208281087
1146220214667780	1146220241284472	1146220216465626
1146220223378857	1146220249588472	1146220225365703
1146220234142626	1146220257908395	1146220235649318
1146220242458011	1146220266291164	1146220243882934
1146220249122934	1146220274539857	1146220250985318
1146220257633703	1146220282844472	1146220259499780
1146220265990857	1146220291170857	1146220267912472
1146220276216703	1146220299480780	1146220277303241
1146220282427164	1146220307871472	1146220284176087
1146220291546241	1146220316130318	1146220293421395
1146220298596780	9223372036854775807	1146220300873934
1146220305418626	9223372036854775807	1146220307617011
