8333333
1146178290285008	1146178315584700	1146178292477931
1146178298108393	1146178323915470	1146178300319546
1146178310729393	1146178332293623	1146178311267470
1146178315241623	1146178340545316	1146178317065008
1146178322999546	1146178348927162	1146178325124700
1146178331576085	1146178357185393	1146178333820470
1146178342034854	1146178365488085	1146178343857316
1146178349652162	1146178373808085	1146178351183854
1146178356385700	1146178382124777	1146178357848777
1146178365362931	1146178390447162	1146178366702546
1146178373353393	1146178398762931	1146178374906239
1146178380630931	1146178407079546	1146178382349931
1146178391261008	1146178415479239	1146178392286623
1146178398304162	1146178423711546	1146178399663854
1146178407059239	1146178432079239	1146178408951546
1146178416399546	1146178440352470	1146178417732085
1146178423592085	1146178448669623	1146178425927777
1146178431937931	1146178456973393	1146178433884470
1146178440131546	1146178465301316	1146178441949085
1146178448449700	1146178473614316	1146178450129623
1146178456869393	1146178481966623	1146178458810316
1146178465938546	1146178490335854	1146178467356700
1146178472153931	1146178498563854	1146178473833008
1146178480832162	1146178506900700	1146178482547854
1146178489226931	1146178515218623	1146178491247162
1146178498989316	1146178523516700	1146178500786316
1146178506535239	1146178531851854	1146178508350623
1146178526142008	1146178540154931	1146178530910316
1146178527639162	1146178548493393	1146178532409931
1146178532927470	1146178556788085	1146178535689085
1146178538079777	1146178565137623	1146178539456393
1146178546969931	1146178573425085	1146178549321393
1146178557371239	1146178581740085	1146178558664162
1146178564363546	1146178590252700	1146178566365316
1146178572924470	1146178598375777	1146178574745316
1146178580473623	1146178606885085	1146178582462239
1146178589623162	1146178615017008	1146178591841931
1146178597496470	1146178623433008	1146178599094854
1146178606163854	1146178631673393	1146178607703470
1146178613817931	1146178639963777	1146178615878316
1146178622818546	1146178648287162	1146178624654546
1146178630847854	1146178656610316	1146178632553085
1146178641333316	1146178664926546	1146178641250854
1146178648119854	1146178673239546	1146178648861700
1146178657147162	1146178681590623	1146178657884085
1146178665577700	1146178689935162	1146178666222239
1146178674559777	1146178698184470	1146178676401008
1146178680912162	1146178706541316	1146178682850546
1146178690677623	1146178714820700	1146178691469008
1146178697245316	1146178723143546	1146178698755854
1146178706988700	1146178731466931	1146178707504470
1146178714365085	1146178739775470	1146178716254546
1146178722657085	1146178748084777	1146178724790931
1146178730259777	1146178756409700	1146178732506854
1146178739711470	1146178764730239	1146178741008777
1146178747001623	1146178773040777	1146178748895854
1146178756095162	1146178781421931	1146178757998008
1146178765844162	1146178789678008	1146178767207470
1146178771918854	1146178798003777	1146178773675470
1146178780643546	1146178806361700	1146178782260162
1146178789296700	1146178814638623	1146178790862316
1146178797916393	1146178822957085	1146178799334239
1146178806559162	1146178831265085	1146178808449085
1146178816203546	1146178839589393	1146178816975777
1146178824100162	1146178847908085	1146178825930316
1146178831513623	1146178856265931	1146178832417008
1146178838421931	1146178864535777	1146178840405085
1146178846179239	1146178872903239	1146178848123854
1146178857698316	1146178881186854	1146178859016393
1146178865125931	1146178889484393	1146178866627470
1146178872260470	1146178897802316	1146178874435854
1146178881308700	1146178906135546	1146178882918239
1146178889755546	1146178914433008	1146178891289316
1146178896910239	1146178922846931	1146178898947777
1146178904973393	1146178931076393	1146178906749085
1146178913199547	1146178939378547	1146178916040470
1146178920162547	1146178947741931	1146178922593085
1146178929269931	1146178956070623	1146178931449316
1146178937911777	1146178964352162	1146178940141623
1146178946808085	1146178972655547	1146178949114239
1146178954763470	1146178981053393	1146178957096700
1146178963511777	1146178989310931	1146178965006854
1146178975026239	1146178997597393	1146178977246547
1146178979820470	1146179006025085	1146178981161700
1146178988945316	1146179014237008	1146178990871239
1146178996301008	1146179022549008	1146178998209623
1146179004270239	1146179030918623	1146179006527777
1146179014894239	1146179039226239	1146179016119470
0	1146179047773316	1146179038172470
1146179033297393	1146179055818008	1146179041717316
1146179040152085	1146179064165700	1146179043257393
1146179045765008	1146179072528393	1146179048670854
1146179054915854	1146179080766547	1146179057084393
1146179063278239	1146179089204700	1146179064823547
1146179070886008	1146179097413316	1146179072882316
1146179079022931	1146179105729393	1146179081048393
1146179087015239	1146179114038316	1146179089275547
1146179095194316	1146179122370239	1146179097460777
1146179103476393	1146179130689085	1146179105790008
1146179113787162	1146179138987547	1146179115717085
1146179121744777	1146179147306239	1146179123721008
1146179129489623	1146179155666239	1146179131575162
1146179138309085	1146179163953700	1146179140405700
1146179146697700	1146179172259470	1146179148714008
1146179154824393	1146179180591162	1146179156875239
1146179162917623	1146179188921931	1146179165150316
1146179171053623	1146179197250623	1146179172943547
1146179181998547	1146179205529008	1146179183043547
1146179189167162	1146179213867162	1146179190605316
1146179197263162	1146179222167239	1146179198493700
1146179204966008	1146179230493700	1146179206926547
1146179212284162	1146179238843162	1146179214075854
1146179221353085	1146179247114623	1146179223383547
1146179229782854	1146179255473623	1146179231719470
1146179237493085	1146179263797085	1146179239457316
1146179246041700	1146179272143547	1146179247977316
1146179255256162	1146179280391777	1146179257546547
1146179262742239	1146179288750547	1146179264893393
1146179271016700	1146179297037393	1146179273358239
1146179280794008	1146179305358008	1146179282661085
1146179288477085	1146179313814854	1146179290036085
1146179296805316	1146179321985623	1146179298254547
1146179304998931	1146179330300700	1146179306312700
1146179315602008	1146179338621623	1146179315911239
1146179321284777	1146179346924085	1146179323250316
1146179330164085	1146179355265393	1146179332761393
1146179337233085	9223372036854775807	1146179339345623
