8333333
1146225073123857	1146225098614011	1146225074929703
1146225081433703	1146225106961088	1146225082994549
1146225089647165	1146225115240395	1146225091061318
1146225098100165	1146225123567857	1146225099814626
1146225106897703	1146225131874549	1146225108759165
1146225115282242	1146225140196780	1146225117272165
1146225122479472	1146225148537088	1146225124263857
1146225130738318	1146225156826934	1146225132621011
1146225139809934	1146225165237395	1146225141000780
1146225147139472	1146225173512703	1146225149126549
1146225155657934	1146225181800703	1146225157314934
1146225164184088	1146225190107242	1146225166222857
1146225173982011	1146225198423242	1146225175598857
1146225180893318	1146225206737626	1146225182625088
1146225196909318	1146225215063165	1146225198626626
1146225199653318	1146225223418626	1146225202081395
1146225205573395	1146225231683472	1146225208714626
1146225213932395	1146225240010011	1146225216141626
1146225223419780	1146225248313318	1146225224786242
1146225231096780	1146225256650318	1146225232698318
1146225239881395	1146225264953318	1146225241204780
1146225247022242	1146225273282242	1146225248739472
1146225255755242	1146225281593318	1146225257288472
1146225264614011	1146225289903549	1146225266437626
1146225273459472	1146225298213626	1146225274711549
1146225282229011	1146225306544088	1146225283878318
1146225289964780	1146225314867780	1146225291469088
1146225297903857	1146225323196165	1146225299476703
1146225306806318	1146225331527472	1146225308561934
1146225314767165	1146225339805934	1146225316151472
1146225323062318	1146225348137703	1146225324676088
1146225331307472	1146225356442626	1146225333149088
1146225339380703	1146225364750549	1146225341166242
1146225347580165	1146225373098242	1146225349016780
1146225355658626	1146225381420703	1146225357569703
1146225363948395	1146225389711857	1146225366074011
1146225373252088	1146225398024780	1146225374387780
1146225380726934	1146225406539549	1146225382602626
1146225389238011	1146225414714934	1146225390618242
1146225399441395	1146225422970549	1146225401256780
1146225405614934	1146225431285934	1146225407511780
1146225413938319	1146225439602549	1146225415792472
1146225422414626	1146225447997011	1146225424192703
1146225430174857	1146225456258319	1146225432286934
1146225437968088	1146225464556088	1146225440129626
1146225446720703	1146225472869395	1146225448677088
1146225455373319	1146225481190319	1146225457521088
1146225463372703	1146225489573934	1146225465421011
1146225472869703	1146225497826626	1146225474580703
1146225481193088	1146225506144395	1146225483195549
1146225490906319	1146225514671549	1146225492578549
1146225496706011	1146225522994934	1146225498940088
1146225506413395	1146225531085088	1146225507765011
1146225513683549	1146225539455857	1146225515587242
1146225522097319	1146225547823242	1146225523888165
1146225529514934	1146225556123472	1146225531635780
1146225538985011	1146225564363549	1146225540441703
1146225546901395	1146225572681703	1146225548774011
1146225555219472	1146225581004165	1146225557607165
1146225563381088	1146225589302934	1146225565786319
1146225574990319	1146225597623165	1146225576317703
1146225582057934	1146225605953319	1146225583300395
1146225589001395	1146225614270857	1146225591332703
1146225597635472	1146225622593703	1146225599836472
1146225606141088	1146225630892780	1146225607863857
1146225613191857	1146225639215857	1146225615283242
1146225621789626	1146225647584395	1146225624131165
1146225629453626	1146225655837011	1146225631775165
1146225638714242	1146225664171242	1146225640406934
1146225647395549	1146225672466857	1146225649501626
1146225655873088	1146225680790626	1146225657682549
1146225663958011	1146225689109934	1146225665815857
1146225671613395	1146225697437088	1146225673411165
1146225679660703	1146225705742934	1146225681530857
1146225689421088	1146225714077319	1146225691206242
0	1146225722376088	1146225713893395
1146225712862934	1146225730687242	1146225715662857
1146225716683472	1146225739043549	1146225717318549
1146225720714857	1146225747313088	1146225722375242
1146225728653934	1146225755643165	1146225730452780
1146225737299472	1146225764025395	1146225739041626
1146225744999549	1146225772279549	1146225747178549
1146225752898934	1146225780617934	1146225755095857
1146225761921011	1146225788906319	1146225764175549
1146225771617934	1146225797223549	1146225773006011
1146225780168165	1146225805533395	1146225781380472
1146225788619242	1146225813947165	1146225790147549
1146225798706549	1146225822289703	1146225797991242
1146225805643242	1146225830525934	1146225806387472
1146225815367780	1146225838799857	1146225816265319
1146225822588472	1146225847121088	1146225823755780
1146225830352088	1146225855478549	1146225831867165
1146225838039242	1146225863751857	1146225839827472
1146225846756703	1146225872308165	1146225848536395
1146225854447549	1146225880387472	1146225856206549
1146225862605395	1146225888704472	1146225864842242
1146225872549626	1146225897022242	1146225874127242
1146225879987549	1146225905347549	1146225882034011
1146225887989088	1146225913663242	1146225889843472
1146225894535242	1146225921967242	1146225896674857
1146225902638626	1146225930289934	1146225904973934
1146225910941395	1146225938679549	1146225913214934
1146225919693319	1146225947137626	1146225921900472
1146225927839857	1146225955267242	1146225930766011
1146225935923165	1146225963591165	1146225938081088
1146225945016472	1146225971888088	1146225947122242
1146225954856088	1146225980248088	1146225957225319
1146225964895857	1146225988544088	1146225966486549
1146225971680780	1146225996863242	1146225973824472
1146225980541934	1146226005165934	1146225982201011
1146225987189088	1146226013519549	1146225989650319
1146225994857395	1146226021814242	1146225997237088
1146226005453395	1146226030125088	1146226007097703
1146226012505626	1146226038447242	1146226014630319
1146226020427165	1146226046772780	1146226022835549
1146226027347165	1146226055087242	1146226029557011
1146226036943780	1146226063447857	1146226038793319
1146226044988395	1146226071791242	1146226047000472
1146226053460088	1146226080186626	1146226055442626
1146226063117088	1146226088504472	1146226065244088
1146226071326626	1146226096694011	1146226073528703
1146226079273011	1146226105015165	1146226081439472
1146226087151242	1146226113380088	1146226089481703
1146226096557088	1146226121655780	1146226098560395
1146226104713011	1146226129987549	1146226106773395
1146226113237088	1146226138305626	1146226115240472
1146226120384088	9223372036854775807	1146226122308780
