8333333
1146277754394322	1146277779764783	1146277756466322
1146277763874937	1146277788133937	1146277765173014
1146277770565937	1146277796398860	1146277772288399
1146277778193706	1146277804711168	1146277780361014
1146277786883168	1146277813024091	1146277788774322
1146277794740399	1146277821346937	1146277796842552
1146277806243860	1146277829690937	1146277807675475
1146277813219860	1146277838222014	1146277814937399
1146277820345706	1146277846401014	1146277822078629
1146277828155552	1146277854664399	1146277829996091
1146277836836399	1146277862968091	1146277838644706
1146277844914014	1146277871265937	1146277846808399
1146277853551168	1146277879642937	1146277855672091
1146277862392168	1146277888379552	1146277864547168
1146277870671552	1146277896209399	1146277873266245
1146277878188475	1146277904643245	1146277880890322
1146277888690245	1146277912836475	1146277890795475
1146277895934860	1146277921151552	1146277897872706
1146277903258629	1146277929544091	1146277905224091
1146277913972475	1146277937848091	1146277915194014
1146277921464399	1146277946137629	1146277923070014
1146277929102245	1146277954419783	1146277930748706
1146277937707245	1146277962733937	1146277939989091
1146277945946322	1146277971069091	1146277947622245
1146277963533706	1146277979417706	1146277965536168
1146277967389937	1146277987704399	1146277968808399
1146277970360091	1146277996049937	1146277971793629
1146277978034937	1146278004403168	1146277980688706
1146277986716091	1146278012632783	1146277989225014
1146277994564475	1146278021013322	1146277996746937
1146278004788706	1146278029328706	1146278006954014
1146278011374014	1146278037613091	1146278013546552
1146278019608706	1146278045923860	1146278021809322
1146278028201091	1146278054219552	1146278030349014
1146278037763552	1146278062538552	1146278039624475
1146278044948091	1146278070852399	1146278047111475
1146278053980706	1146278079167552	1146278055722245
1146278062125014	1146278087488091	1146278064299860
1146278069439783	1146278095811168	1146278071426322
1146278077878937	1146278104237706	1146278080113937
1146278087618629	1146278112542322	1146278089608399
1146278095454245	1146278120756168	1146278097263168
1146278102917629	1146278129081014	1146278105309014
1146278112288475	1146278137560706	1146278114102937
1146278119246629	1146278145713629	1146278121215552
1146278129240091	1146278154033937	1146278130570937
1146278135401091	1146278162349937	1146278137123475
1146278144862937	1146278170666629	1146278146478245
1146278153541629	1146278178995168	1146278155278629
1146278161076399	1146278187285322	1146278162925014
1146278169441399	1146278195646937	1146278171285091
1146278178419552	1146278203993706	1146278180442552
1146278189806552	1146278212245937	1146278191333629
1146278195001399	1146278220563860	1146278197668706
1146278205273937	1146278229118937	1146278206611783
1146278211976091	1146278237185629	1146278213460168
1146278221380783	1146278245596706	1146278222569399
1146278228499860	1146278253854860	1146278230115168
1146278236785399	1146278262157937	1146278238428399
1146278244882014	1146278270577014	1146278247811245
1146278252736091	1146278278774322	1146278254203860
1146278261102860	1146278287119860	1146278262905399
1146278270831168	1146278295409937	1146278272162629
1146278277951860	1146278303742860	1146278279748091
1146278286345399	1146278312341629	1146278288524399
1146278295920168	1146278320347476	1146278297486014
1146278304376399	1146278328666245	1146278305722860
1146278312323476	1146278336973629	1146278313690552
1146278320447168	1146278345299245	1146278321674552
1146278327761706	1146278353644091	1146278329440399
1146278335501629	1146278361942014	1146278337412706
1146278345442629	1146278370257629	1146278346726322
1146278353520706	1146278378579245	1146278355550014
1146278361689937	1146278386892476	1146278363850937
1146278369731552	1146278395197091	1146278371802322
1146278378500783	1146278403511860	1146278380428706
1146278386540783	1146278411842860	1146278388297322
1146278394382245	1146278420158322	1146278395715552
1146278400864476	1146278428474014	1146278403046245
1146278410584476	1146278436785014	1146278411862629
1146278418122937	1146278445225399	1146278420170552
1146278426270014	1146278453460399	1146278428569937
1146278434648399	1146278461746014	1146278436754014
1146278442874552	1146278470054629	1146278445198014
1146278453173322	1146278478369014	1146278454876476
1146278471677322	1146278486683860	1146278477342014
1146278475048399	1146278495001706	1146278478795245
1146278479822629	1146278503323245	1146278481988706
1146278485855168	1146278511649399	1146278488119245
1146278493219168	1146278519961091	1146278495392168
1146278502216476	1146278528279860	1146278504191783
1146278510745322	1146278536586552	1146278512866014
1146278519778245	1146278544902629	1146278521907552
1146278528358552	1146278553219552	1146278529995245
1146278535214552	1146278561567476	1146278537264706
1146278543096399	1146278569850629	1146278545159476
1146278551752783	1146278578204091	1146278553901706
1146278559046629	1146278586499245	1146278561264168
1146278567625091	1146278594800476	1146278569797091
1146278575770629	1146278603247476	1146278577925399
1146278583966860	1146278611476783	1146278586188399
1146278593461399	1146278619783783	1146278595512476
1146278602486014	1146278628133629	1146278604440706
1146278611528476	1146278636406937	1146278613650245
1146278621442629	1146278644706245	1146278622019245
1146278627055860	1146278653036783	1146278628697706
1146278634887860	1146278661354629	1146278636961091
1146278645377937	1146278669669091	1146278647308399
1146278651984091	1146278677964476	1146278653847552
1146278661795168	1146278686422552	1146278663163552
1146278668572783	1146278694625629	1146278670291783
1146278677539245	1146278702932706	1146278679252706
1146278685554629	1146278711246552	1146278687096783
1146278693036783	1146278719567168	1146278694473706
1146278701383245	1146278727954322	1146278703254860
1146278709707245	1146278736270860	1146278711370860
1146278718256399	1146278744876399	1146278720181399
1146278728137322	1146278752855245	1146278729680476
1146278736357629	1146278761258629	1146278737853091
1146278744175860	1146278769494245	1146278746145322
1146278751840706	1146278777813399	1146278753501399
1146278760096476	1146278786148783	1146278761515860
1146278769294629	1146278794475552	1146278770751476
1146278776382552	1146278802785091	1146278778115168
1146278785041014	1146278811185091	1146278786844168
1146278795974552	1146278819440399	1146278796910629
1146278804662322	9223372036854775807	1146278804336091
