8333333
1145996424481305	1145996450135536	1145996426673689
1145996432592151	1145996458280997	1145996434332074
1145996440848766	1145996466611843	1145996442682613
1145996450018228	1145996475094613	1145996452135228
1145996459622843	1145996483231228	1145996460984766
1145996467723843	1145996491560074	1145996468708074
1145996475357613	1145996499858613	1145996476918613
1145996482555228	1145996508182536	1145996484533997
1145996491048382	1145996516505920	1145996492902613
1145996498855151	1145996524816074	1145996500770843
1145996507478613	1145996533176382	1145996509524459
1145996516697074	1145996541449305	1145996518483766
1145996523826613	1145996549782305	1145996525493920
1145996533651536	1145996558084689	1145996535289305
1145996540925613	1145996566390305	1145996542927766
1145996549435766	1145996574725689	1145996550877305
1145996556613997	1145996583165382	1145996558573613
1145996566284074	1145996591340151	1145996567720997
1145996574575536	1145996599665997	1145996576105920
1145996582685613	1145996607977997	1145996584588766
1145996591003843	1145996616308382	1145996592549305
1145996599301920	1145996624633382	1145996600455766
1145996607322613	1145996632968689	1145996608849689
1145996617471228	1145996641280382	1145996619147843
1145996623426305	1145996649564766	1145996624964382
1145996632067843	1145996657878228	1145996633619766
1145996641869689	1145996666192997	1145996643531536
1145996648526536	1145996674534536	1145996650302843
1145996657091459	1145996682834228	1145996659148459
1145996665496382	1145996691155151	1145996667080766
1145996673651843	1145996699461613	1145996675506536
1145996681937920	1145996707914920	1145996683306920
1145996691094613	1145996716122920	1145996692495766
1145996698704151	1145996724418305	1145996700400689
1145996707548459	1145996732729074	1145996709431766
1145996716422536	1145996741058843	1145996717309689
1145996725367459	1145996749408459	1145996726901613
1145996731891536	1145996757687766	1145996734162613
1145996742586613	1145996765997305	1145996743479843
1145996747995843	1145996774326613	1145996750059766
1145996759628766	1145996782639151	1145996760285920
1145996765120689	1145996790936766	1145996766913689
1145996777008151	1145996799261997	1145996777853920
1145996782080382	1145996807587459	1145996783920074
1145996789585920	1145996815892766	1145996791578613
1145996798677305	1145996824206613	1145996800802228
1145996806406228	1145996832539843	1145996808499766
1145996815739228	1145996840828997	1145996817502305
1145996824429613	1145996849185074	1145996826043151
1145996831534228	1145996857462228	1145996833148074
1145996839273382	1145996865788689	1145996841050228
1145996848110843	1145996874100459	1145996849618613
1145996857152382	1145996882471766	1145996859193305
1145996865313920	1145996890742536	1145996867137997
1145996873090613	1145996899119459	1145996874737382
1145996890965305	1145996907380074	1145996896287843
1145996892883228	1145996915702305	1145996897893074
1145996898372151	1145996924017382	1145996899740151
1145996905863228	1145996932317689	1145996907913074
1145996915945613	1145996940639151	1145996917358305
1145996924608766	1145996948965690	1145996925860689
1145996932420766	1145996957276766	1145996934833305
1145996939198920	1145996965598920	1145996941318920
1145996949208690	1145996973986305	1145996950737382
1145996956290920	1145996982308766	1145996958243536
1145996965633613	1145996990537997	1145996967198843
1145996973352151	1145996998856459	1145996974893997
1145996982320459	1145997007200766	1145996984055459
1145996991315536	1145997015501997	1145996992679536
1145996998219536	1145997023803766	1145996999802920
1145997006756459	1145997032126920	1145997008399151
1145997014829613	1145997040537920	1145997016832690
1145997023340997	1145997048753613	1145997025042613
1145997031209690	1145997057145305	1145997032806613
1145997039332459	1145997065394536	1145997041197074
1145997047832382	1145997073755151	1145997049651459
1145997058423536	1145997082056459	1145997059680074
1145997065155459	1145997090333997	1145997066658920
1145997071473074	1145997098659228	1145997073601613
1145997079775536	1145997106975766	1145997081945613
1145997088609690	1145997115288382	1145997090645382
1145997096711228	1145997123622228	1145997098864382
1145997104922536	1145997131939151	1145997107165074
1145997114831843	1145997140414613	1145997116239459
1145997122178305	1145997148608690	1145997124177920
1145997131546613	1145997156874536	1145997133192690
1145997140089690	1145997165205613	1145997141872997
1145997148472766	1145997173516151	1145997150168766
1145997155954613	1145997181833305	1145997157813074
1145997165508766	1145997190151459	1145997167004459
1145997173777305	1145997198464997	1145997175396459
1145997182332766	1145997206785997	1145997183833690
1145997189484151	1145997215132459	1145997190800690
1145997197893997	1145997223428766	1145997199958843
1145997205877305	1145997231725305	1145997207419536
1145997213118843	1145997240045382	1145997214786536
1145997221804074	1145997248370536	1145997223612459
1145997229755536	1145997256690228	1145997231894843
1145997237683459	1145997264996151	1145997239791151
1145997246034305	1145997273316997	1145997248234613
1145997256090920	1145997281636459	1145997258056074
1145997265736766	1145997289973074	1145997267264997
1145997273089997	1145997298361382	1145997274834305
1145997281147536	1145997306583766	1145997282865997
1145997289510613	1145997314905997	1145997290654843
1145997298404459	1145997323233305	1145997299710305
1145997305503766	1145997331555766	1145997307213074
1145997314369074	1145997339855536	1145997315887536
1145997323033074	1145997348186305	1145997324469613
1145997331516766	1145997356512997	1145997332976382
1145997338092766	1145997364850613	1145997340129305
1145997347802228	1145997373155228	1145997349371766
1145997354966305	1145997381462613	1145997356824690
1145997363873997	1145997389798305	1145997365446536
1145997371784074	1145997398101690	1145997373753997
1145997380216459	1145997406437074	1145997381914920
1145997396687766	1145997414748766	1145997401988074
1145997398421305	1145997423141305	1145997403430613
1145997404833613	1145997431393997	1145997406789074
1145997413936074	1145997439709074	1145997415549305
1145997421946920	1145997448071843	1145997424261613
1145997431986843	1145997456348151	1145997433214305
1145997439466228	1145997464672074	1145997441397920
1145997446899151	1145997472970843	1145997448809074
1145997455852766	1145997481287459	1145997457814228
1145997464158843	1145997489608997	1145997465723228
1145997471765920	9223372036854775807	1145997473895843
