8333333
1145949648874610	1145949673948071	1145949650988071
1145949656394225	1145949682266841	1145949658694841
1145949664530533	1145949690550610	1145949666563456
1145949672985071	1145949698961687	1145949675313302
1145949681441379	1145949707183148	1145949683592379
1145949690106533	1145949715607764	1145949691882225
0	1145949723994841	1145949715967225
1145949713158917	1145949732373610	1145949719691533
1145949718235225	1145949740472071	1145949721861379
1145949722706302	1145949748800148	1145949724224071
1145949731488994	1145949757105302	1145949733537071
1145949740165379	1145949765464764	1145949742365610
1145949748562302	1145949773802841	1145949750897917
1145949756217071	1145949782049994	1145949758141379
1145949768937071	1145949790366841	1145949770540764
1145949773066610	1145949798865610	1145949774962610
1145949781713610	1145949807014841	1145949783696148
1145949789098225	1145949815372764	1145949791107533
1145949797641687	1145949823631456	1145949799768456
1145949806292994	1145949831949302	1145949808392148
1145949814431225	1145949840344764	1145949816927225
1145949822980071	1145949848596456	1145949825150610
1145949831515456	1145949857042917	1145949833649302
1145949839380994	1145949865295148	1145949841486302
1145949847704379	1145949873542841	1145949849690533
1145949855656687	1145949881927533	1145949857814841
1145949864286841	1145949890216764	1145949866415456
1145949872829687	1145949898500687	1145949874915456
1145949881256148	1145949906903533	1145949883434533
1145949889379456	1145949915142841	1145949891616379
1145949897097379	1145949923455148	1145949899117379
1145949906068764	1145949931831533	1145949908103841
1145949914781994	1145949940150302	1145949917222302
1145949922495148	1145949948415764	1145949924719764
1145949930970917	1145949956719148	1145949933601302
1145949939191225	1145949965056071	1145949941933687
1145949947108764	1145949973360148	1145949949840148
1145949956525917	1145949981885610	1145949958559533
1145949963711148	1145949990005687	1145949966453071
1145949971833917	1145949998312764	1145949974154533
1145949980253917	1145950006703456	1145949982553379
1145949988204148	1145950014989071	1145949990633917
1145949998295841	1145950023257994	1145950000445687
1145950006063148	1145950031623225	1145950008832687
1145950013249071	1145950040044994	1145950015693379
1145950020221687	1145950048218302	1145950022874302
1145950028446841	1145950056522917	1145950031076456
1145950038796379	1145950065120687	1145950041121687
1145950047561379	1145950073161610	1145950050005687
1145950055629917	1145950081673379	1145950058374610
1145950064273687	1145950089795148	1145950066744764
1145950073254610	1145950098203148	1145950075409610
1145950081086533	1145950106463533	1145950084060379
1145950088944071	1145950114786302	1145950091177917
1145950098005917	1145950123062610	1145950100217379
1145950104778533	1145950131386302	1145950107806225
1145950114135841	1145950139695456	1145950116888687
1145950120870302	1145950148023533	1145950123258917
1145950128202533	1145950156357994	1145950130708687
1145950136347533	1145950164665994	1145950138857379
1145950144560994	1145950172985917	1145950147103148
1145950154481994	1145950181320071	1145950156621302
1145950164272148	1145950189666841	1145950166237994
1145950172924764	1145950197949687	1145950174518533
1145950180709610	1145950206274917	1145950182626225
1145950188908148	1145950214569687	1145950191051456
1145950196982533	1145950223047148	1145950199129917
1145950215399841	1145950231364071	1145950222156994
1145950217892379	1145950239560379	1145950223872071
1145950224567456	1145950247829610	1145950227513071
1145950231798610	1145950256193994	1145950234136764
1145950239150225	1145950264493071	1145950241421071
1145950246163225	1145950272796994	1145950248387456
1145950255673379	1145950281129917	1145950257894841
1145950263902841	1145950289451764	1145950265792379
1145950271476456	1145950297726610	1145950273618610
1145950280537379	1145950306066610	1145950282513379
1145950288443225	1145950314366225	1145950290597917
1145950297231764	1145950322707456	1145950299715225
1145950304612379	1145950331017994	1145950306652994
1145950312535225	1145950339408994	1145950314786225
1145950319594610	1145950347632071	1145950321902302
1145950328454302	1145950356076148	1145950330477687
1145950337023225	1145950364393071	1145950339123148
1145950345105917	1145950372596148	1145950347230533
1145950354055533	1145950380925379	1145950356207148
1145950363035764	1145950389294533	1145950365329302
1145950371406225	1145950397545071	1145950373793379
1145950381083148	1145950405869917	1145950383332456
1145950389399533	1145950414180379	1145950390671764
1145950396651764	1145950422696994	1145950398913610
1145950405293610	1145950430898225	1145950407177687
1145950413163225	1145950439145687	1145950415481610
1145950421129687	1145950447442533	1145950423502225
1145950429935764	1145950455798917	1145950432373071
1145950438779533	1145950464083533	1145950440970533
1145950445646841	1145950472432379	1145950447936379
1145950452818841	1145950480733687	1145950455230917
1145950460802841	1145950489038918	1145950463166610
1145950470022302	1145950497366533	1145950472481917
1145950478343764	1145950505694610	1145950480556148
1145950486732071	1145950514018918	1145950488987841
1145950495460071	1145950522455533	1145950497647841
1145950503965994	1145950530681918	1145950506167148
1145950513426533	1145950539296994	1145950515604994
1145950521121918	1145950547286841	1145950523503456
1145950528994225	1145950555675148	1145950531713071
1145950537831456	1145950563913379	1145950540195225
1145950546347841	1145950572359841	1145950548709379
1145950554641610	1145950580765918	1145950557450533
1145950562599764	1145950588905994	1145950564963148
1145950571209071	1145950597196764	1145950573599225
1145950579072764	1145950605494225	1145950581439225
1145950588244687	1145950613819456	1145950590483764
1145950596129302	1145950622168456	1145950598339456
1145950602981610	1145950630521071	1145950605738610
1145950612132994	1145950638777918	1145950614574302
1145950622065687	1145950647086533	1145950624237994
1145950629365687	1145950655404071	1145950631623764
1145950638575148	1145950663733379	1145950640813687
1145950646463225	1145950672107764	1145950648812764
1145950655145071	1145950680387841	1145950657387148
1145950662961687	1145950688837610	1145950665033302
1145950671565302	1145950697054841	1145950673529071
1145950679658533	1145950705308379	1145950681738533
1145950687879225	1145950713649918	1145950690330610
1145950695903148	9223372036854775807	1145950698422841
