8333333
1145879444708144	1145879470430836	1145879446302836
1145879452551759	1145879478731759	1145879454186221
1145879460665067	1145879487087221	1145879462592067
1145879469397990	1145879495408990	1145879470970529
1145879478069606	1145879503695452	1145879479780990
1145879487074221	1145879512017990	1145879488378913
1145879495083221	1145879520321683	1145879496678529
1145879503195221	1145879528640144	1145879505113683
1145879511517913	1145879536951452	1145879513516683
1145879519790529	1145879545284683	1145879521933298
1145879528917375	1145879553601298	1145879530436990
1145879537305375	1145879561912452	1145879538888683
1145879544572990	1145879570227836	1145879546551452
1145879552285683	1145879578554221	1145879554277375
1145879561237067	1145879586863529	1145879563326836
1145879569708683	1145879595271452	1145879571453375
1145879578919759	1145879603625606	1145879580578221
1145879587382913	1145879611940759	1145879588714529
1145879594248452	1145879620129683	1145879596172990
1145879602714836	1145879628451452	1145879604873375
1145879611460990	1145879636767221	1145879613442298
1145879618759144	1145879645077067	1145879620675144
1145879628211221	1145879653517375	1145879629751759
1145879635981067	1145879661711529	1145879637602913
1145879643771144	1145879670031759	1145879645447452
1145879652832452	1145879678363836	1145879654323529
1145879661797683	1145879686676375	1145879663452759
1145879670042606	1145879694993913	1145879671535144
1145879685464683	1145879703339452	1145879687449067
1145879687974836	1145879711631452	1145879689229990
1145879693689606	1145879719944375	1145879695561606
1145879703691836	1145879728260759	1145879704598606
1145879712755529	1145879736595529	1145879714299836
1145879718582836	1145879744919221	1145879720720375
1145879727614221	1145879753214529	1145879729839759
1145879736352452	1145879761525683	1145879738403221
1145879744127144	1145879769836990	1145879746127529
1145879753001990	1145879778229375	1145879754186913
1145879760316375	1145879786475144	1145879762489606
1145879768442913	1145879794802221	1145879770349990
1145879778099452	1145879803184067	1145879779954529
1145879786266529	1145879811457067	1145879787731836
1145879795041067	1145879819753913	1145879796761298
1145879802321913	1145879828083221	1145879803859529
1145879811069913	1145879836392759	1145879813041990
1145879818866606	1145879844695529	1145879821015144
1145879828907759	1145879853050298	1145879829592144
1145879837125298	1145879861341606	1145879837835221
1145879844388683	1145879869660067	1145879846571144
1145879852556067	1145879877981067	1145879854685913
1145879860840452	1145879886284759	1145879863568144
1145879870477375	1145879894600990	1145879872431221
1145879877070913	1145879902918529	1145879878759759
1145879886622529	1145879911273298	1145879888205067
1145879894132683	1145879919619144	1145879896148144
1145879902240990	1145879927869067	1145879904142913
1145879911395452	1145879936197913	1145879912748067
1145879919718529	1145879944502529	1145879921093375
1145879927133067	1145879952827452	1145879928899221
1145879935919759	1145879961169298	1145879937386836
1145879943105375	1145879969524067	1145879945077298
1145879951955452	1145879977773067	1145879954178913
1145879961347759	1145879986099529	1145879963149990
1145879970133606	1145879994401913	1145879971458606
1145879977590913	1145880002809913	1145879979240990
1145879985088067	1145880011153683	1145879986968990
1145879993714529	1145880019355759	1145879995677375
1145880002720990	1145880027677913	1145880004409990
1145880011218221	1145880035998606	1145880012460990
1145880019466913	1145880044330836	1145880021370298
1145880028231452	1145880053001375	1145880029392067
1145880035764375	1145880060949298	1145880037898298
1145880045153606	1145880069261067	1145880046525990
1145880053026836	1145880077710606	1145880054395529
1145880060462529	1145880085906529	1145880061936683
1145880067884067	1145880094213990	1145880069831529
1145880077923759	1145880102526913	1145880079520452
1145880088158606	1145880110845298	1145880088794529
1145880093345067	1145880119154529	1145880095148375
1145880101631759	1145880127476144	1145880103259221
1145880109783221	1145880135792759	1145880111467452
1145880116936067	1145880144129990	1145880118202221
1145880125316683	1145880152449375	1145880127264759
1145880134660452	1145880160745913	1145880136342913
1145880142760452	1145880169054606	1145880144587836
1145880150190298	1145880177383759	1145880152254221
1145880159963452	1145880185694221	1145880161214913
1145880168140144	1145880194038221	1145880169674298
1145880176652759	1145880202326221	1145880178286606
0	1145880210704375	1145880202723529
1145880200244375	1145880219068067	1145880204449606
1145880209036375	1145880227271759	1145880211363759
1145880218152452	1145880235627529	1145880220623144
1145880226424759	1145880243926298	1145880228532375
1145880235480683	1145880252228144	1145880236892990
1145880243062221	1145880260537990	1145880244556759
1145880250823144	1145880268869067	1145880252746298
1145880259186529	1145880277168990	1145880260983529
1145880266681990	1145880285491759	1145880268869067
1145880275595759	1145880293800759	1145880277694529
1145880283201375	1145880302155452	1145880285347529
1145880291240375	1145880310560683	1145880293593913
1145880301006221	1145880318759759	1145880302518221
1145880309900452	1145880327082221	1145880311676990
1145880318828067	1145880335427529	1145880320448452
1145880326912683	1145880343711759	1145880328404452
1145880335196990	1145880352091221	1145880336703452
1145880343541298	1145880360340144	1145880345123759
1145880351382529	1145880368672067	1145880353309606
1145880359481067	1145880377044375	1145880361277298
1145880367805913	1145880385291144	1145880369576452
1145880377194836	1145880393615836	1145880378613990
1145880385205298	1145880401918529	1145880386460375
1145880392387144	1145880410318298	1145880394135452
1145880400239836	1145880418564375	1145880401885683
1145880408471144	1145880426898606	1145880410095144
1145880417730913	1145880435216452	1145880419848759
1145880426861606	1145880443539452	1145880428839759
1145880434944990	1145880452113990	1145880436363759
1145880442984144	1145880460149913	1145880444764375
1145880451954298	1145880468476144	1145880453432375
1145880460113375	1145880476780144	1145880461405990
1145880467749990	1145880485130298	1145880469885990
1145880476071529	1145880493468683	1145880478099452
1145880484443759	1145880501735452	1145880486156144
1145880492936683	1145880510057298	1145880494795452
1145880500477683	9223372036854775807	1145880502418606
