8333333
1145832799720680	1145832825009680	1145832801783218
1145832806949064	1145832833398910	1145832809196987
1145832816098834	1145832841693372	1145832818316372
1145832825365603	1145832850030526	1145832827411757
1145832833758526	1145832858511141	1145832835675449
1145832841101680	1145832866782834	1145832843124064
1145832849281987	1145832875056757	1145832851467141
1145832857740141	1145832883380680	1145832860277603
1145832866072757	1145832891732449	1145832868661372
1145832874545603	1145832900171757	1145832876646834
1145832882939218	1145832908479449	1145832885157295
1145832900968141	1145832916748141	1145832906267449
1145832903861680	1145832925090218	1145832907955449
1145832908361680	1145832933431218	1145832909568372
1145832915388987	1145832941790218	1145832917574218
1145832923774603	1145832950135218	1145832926016680
1145832932688449	1145832958449295	1145832935036064
1145832940851834	1145832966818526	1145832942744680
1145832949365295	1145832975125910	1145832951407141
1145832957462910	1145832983517987	1145832959820141
1145832965841372	1145832991808449	1145832968265987
1145832974572141	1145833000153987	1145832976701372
1145832982769680	1145833008489603	1145832984986218
1145832991004757	1145833016824987	1145832993489987
1145832999868987	1145833025178526	1145833002321295
1145833007839757	1145833033517295	1145833009846603
1145833017367218	1145833041848757	1145833019182910
1145833024439757	1145833050193372	1145833026534295
1145833031414603	1145833058537911	1145833033512449
1145833039446526	1145833066959757	1145833041881064
1145833047393372	1145833075217603	1145833049777987
1145833055576064	1145833083566834	1145833057878218
1145833064168372	1145833091898603	1145833066659834
1145833073812064	1145833100236680	1145833075899526
1145833081886603	1145833108635757	1145833083997987
1145833090640449	1145833116959449	1145833092906526
1145833098579757	1145833125402603	1145833100774218
1145833107108064	1145833133603218	1145833109241295
1145833115479526	1145833141927757	1145833117641911
1145833123222834	1145833150268449	1145833125523449
1145833132778911	1145833158617064	1145833135134295
1145833141349603	1145833166948064	1145833143720064
1145833150763218	1145833175345603	1145833151971526
1145833158419449	1145833183628757	1145833160340372
1145833166157064	1145833191963526	1145833168193603
1145833174409295	1145833200327141	1145833176540064
1145833182660141	1145833208651218	1145833184824449
1145833191054603	1145833217276449	1145833193377680
1145833200680372	1145833225335757	1145833202793372
1145833209775757	1145833233689987	1145833211665603
1145833215830834	1145833242019218	1145833217905603
1145833224141372	1145833250357987	1145833226650526
1145833232212987	1145833258722834	1145833234283141
1145833240721372	1145833267070603	1145833243044064
1145833247851449	1145833275374911	1145833250284141
1145833256469295	1145833283788449	1145833258662295
1145833265329680	1145833292228680	1145833267887834
1145833274227526	1145833300387449	1145833276427141
1145833283273911	1145833309052064	1145833285304987
1145833291148449	1145833317113680	1145833293709064
1145833300250603	1145833325408141	1145833302624064
1145833307583141	1145833333799526	1145833310272757
1145833317511757	1145833342104757	1145833319773911
1145833325668757	1145833350430834	1145833327586911
1145833333425680	1145833358837064	1145833335322526
1145833341775526	1145833367103141	1145833343867449
1145833349494526	1145833375479526	1145833351697064
1145833359588372	1145833383768141	1145833361834834
1145833365864449	1145833392112141	1145833367976372
1145833373076141	1145833400453064	1145833375380141
1145833380756987	1145833408804680	1145833383056372
1145833394997911	1145833417132757	1145833397170911
1145833397475834	1145833425563449	1145833398930218
1145833405781911	1145833433828680	1145833408224757
1145833413952680	1145833442163757	1145833416237372
1145833422339141	1145833450518603	1145833424974603
1145833430567526	1145833458841603	1145833433177372
1145833439338603	1145833467196680	1145833441819141
1145833447914834	1145833475514834	1145833450146603
1145833456791218	1145833483866911	1145833459088449
1145833466570295	1145833492252064	1145833468784680
1145833474851526	1145833500658218	1145833477534526
1145833483384757	1145833508941911	1145833486000680
1145833491270295	1145833517232064	1145833493460141
1145833499476987	1145833525543449	1145833501732757
1145833508237295	1145833533880372	1145833510817064
1145833516547834	1145833542232141	1145833518852372
1145833525022218	1145833550615757	1145833527305911
1145833530646295	1145833558896757	1145833533065372
1145833539215757	1145833567241911	1145833541771526
1145833547626911	1145833575589372	1145833550020680
1145833555731141	1145833583953987	1145833558033680
1145833563821064	1145833592295834	1145833566140680
1145833572827526	1145833600859449	1145833575103757
1145833583155218	1145833608951218	1145833585221603
1145833592138834	1145833617302603	1145833594251834
1145833599972757	1145833625641295	1145833602327218
1145833607990526	1145833633983526	1145833610275449
1145833616247526	1145833642312064	1145833618571449
1145833624855141	1145833650687526	1145833627112141
1145833633113987	1145833658992987	1145833635457680
1145833641370526	1145833667348449	1145833643771834
1145833649628757	1145833675664449	1145833652138911
1145833658165372	1145833684000757	1145833660352372
1145833666246218	1145833692354834	1145833668451449
1145833674454603	1145833700816757	1145833676426526
1145833682852449	1145833709277295	1145833684960372
1145833690956449	1145833717360064	1145833693145680
1145833700223757	1145833725700449	1145833702229911
1145833708132757	1145833734057680	1145833710129295
1145833715526295	1145833742373911	1145833717618218
1145833723031141	1145833750718526	1145833725267757
1145833731470526	1145833759093680	1145833733788064
1145833741626603	1145833767435526	1145833743618834
1145833749521603	1145833775749064	1145833751482218
1145833758062295	1145833784270218	1145833760513295
1145833766885987	1145833792412064	1145833768861372
1145833774934911	1145833800757064	1145833776957911
1145833783858526	1145833809109987	1145833786159218
1145833792321064	1145833817427218	1145833794158911
1145833801503141	1145833825804064	1145833803404757
1145833809481987	1145833834109911	1145833811326603
1145833817820680	1145833842451834	1145833819288757
1145833826092680	1145833850832141	1145833827711757
1145833834439141	1145833859124987	1145833836097987
1145833844861295	1145833867465603	1145833844172680
1145833850474295	9223372036854775807	1145833851995141
