8333333
1146148955180699	1146148978265083	1146148957191160
1146148961733622	1146148986807237	1146148963728160
1146148969481929	1146148994925314	1146148971259237
1146148977968391	1146149003219468	1146148979512468
1146148986385314	1146149011540775	1146148987654852
1146148995485083	1146149019853929	1146148997154237
1146149003422929	1146149028170622	1146149004996775
1146149010980391	1146149036486237	1146149012856468
1146149019404160	1146149044817622	1146149021104160
1146149027540468	1146149053139237	1146149029465391
1146149036670006	1146149061441929	1146149038511775
1146149044655468	1146149069810237	1146149046253622
1146149052104699	1146149078205699	1146149053800391
1146149060621929	1146149086474314	1146149062267468
1146149068675237	1146149094713083	1146149070565699
1146149078391545	1146149103028160	1146149079784391
1146149097011852	1146149111346006	1146149102215160
1146149099954852	1146149119654852	1146149103968775
1146149105302314	1146149127986622	1146149107276468
1146149110126852	1146149136307160	1146149111264468
1146149118648391	1146149144616391	1146149120753083
1146149127565083	1146149152941314	1146149129279160
1146149135377006	1146149161252468	1146149137280083
1146149143690545	1146149169576160	1146149145456160
1146149152510929	1146149177894622	1146149154429699
1146149159830237	1146149186201006	1146149161753083
1146149168698006	1146149194509006	1146149170467468
1146149177447545	1146149202844775	1146149178633391
1146149186072468	1146149211185929	1146149187540699
1146149193137622	1146149219465314	1146149194734314
1146149201757622	1146149227885699	1146149203685006
1146149210333699	1146149236110237	1146149212191852
1146149218714314	1146149244427160	1146149220367160
1146149227018237	1146149252747237	1146149229016083
1146149234817622	1146149261068391	1146149236842622
1146149246027545	1146149269374622	1146149246455468
1146149253731468	1146149277800468	1146149255931776
1146149262971776	1146149286007545	1146149263287545
1146149268075545	1146149294338006	1146149269922852
1146149278101083	1146149302638545	1146149279588776
1146149284649083	1146149311029622	1146149286632776
1146149293095237	1146149319289006	1146149295062314
1146149301687852	1146149327596699	1146149303695468
1146149310946545	1146149335920699	1146149312488699
1146149318413006	1146149344225083	1146149320419776
1146149327901006	1146149352663468	1146149329378852
1146149336486622	1146149360858929	1146149337389314
1146149344421006	1146149369181006	1146149345198852
1146149351628160	1146149377498237	1146149353652776
1146149361277622	1146149385812391	1146149363108391
1146149370111776	1146149394136391	1146149371260160
1146149376701391	1146149402455776	1146149377829314
1146149384698852	1146149410773314	1146149386417622
1146149393245391	1146149419107852	1146149394876776
1146149402723160	1146149427524468	1146149404305622
1146149410562314	1146149435745083	1146149412563776
1146149418440776	1146149444086006	1146149420389699
1146149427253929	1146149452354852	1146149429290622
1146149435081391	1146149460682006	1146149437350314
1146149443255545	1146149468996468	1146149445552699
1146149452875237	1146149477305083	1146149454723852
1146149461612083	1146149485621314	1146149463347776
1146149469173929	1146149493932083	1146149470894006
1146149476289314	1146149502255852	1146149478249314
1146149484379776	1146149510694852	1146149486384776
1146149492324468	1146149518890852	1146149494227545
1146149501952083	1146149527202006	1146149503586852
1146149509433314	1146149535523776	1146149511736083
1146149517592776	1146149543850314	1146149519479160
1146149526461083	1146149552159776	1146149528391160
1146149534242852	1146149560458929	1146149536269929
1146149542613929	1146149568792468	1146149544814929
1146149552580776	1146149577103160	1146149554052160
1146149559433083	1146149585420468	1146149561861391
1146149567787468	1146149593729083	1146149569671468
1146149576782545	1146149602108699	1146149578886314
1146149585394852	1146149610370545	1146149587128391
1146149598796160	1146149618740391	1146149600781929
1146149601317622	1146149627008776	1146149602297391
1146149607992699	1146149635336776	1146149610250852
1146149615861083	1146149643647545	1146149618199776
1146149624604083	1146149651962314	1146149626936699
1146149634082237	1146149660311160	1146149636172391
1146149642644468	1146149668601083	1146149645341006
1146149652116468	1146149677235852	1146149652928391
1146149662520468	1146149685233006	1146149664644391
1146149667926006	1146149693710314	1146149670812391
1146149676817622	1146149701869314	1146149679341083
1146149685241699	1146149710182545	1146149686539160
1146149693971237	1146149718497083	1146149695231468
1146149701902545	1146149726809391	1146149703541314
1146149708894622	1146149735142545	1146149710579852
1146149717563545	1146149743457622	1146149719475852
1146149725025622	1146149751763468	1146149727147776
1146149734175237	1146149760088468	1146149735754622
1146149741701391	1146149768405314	1146149743432160
1146149750073083	1146149776723237	1146149752186545
1146149758260699	1146149785044468	1146149760390852
1146149766524699	1146149793374545	1146149768596776
1146149775019468	1146149801717699	1146149777033929
1146149783755776	1146149810101622	1146149785626237
1146149793152468	1146149818345083	1146149795296776
1146149801651468	1146149826661314	1146149803648468
1146149809977314	1146149834963545	1146149812267468
1146149819811468	1146149843276391	1146149820722929
1146149827624391	1146149851589929	1146149828822852
1146149835073314	1146149859914314	1146149836764468
1146149842663237	1146149868229699	1146149844102314
1146149851201083	1146149876535852	1146149853120776
1146149859763468	1146149884854929	1146149862067160
1146149868199776	1146149893179237	1146149870186314
1146149877140391	1146149901493006	1146149878460699
1146149885301006	1146149909813314	1146149886701314
1146149893517929	1146149918131468	1146149895321083
1146149900666237	1146149926459237	1146149902665006
1146149908185083	1146149934785083	1146149910074314
1146149915470622	1146149943097083	1146149917621083
1146149924991545	1146149951480699	1146149927088391
1146149934099852	1146149959737006	1146149935917314
1146149941695545	1146149968075160	1146149943967545
1146149952141006	1146149976358237	1146149952484776
1146149959081314	1146149984671237	1146149961434852
1146149967292699	1146149993001622	1146149969255468
1146149974860083	1146150001318622	1146149976814545
1146149984384391	1146150009640160	1146149986507468
1146149993290314	1146150017946006	1146149995551160
1146150000629391	9223372036854775807	1146150002506622
