8333333
1145715273237365	1145715298574827	1145715275165903
1145715281729365	1145715306892365	1145715283646211
1145715290523519	1145715315243442	1145715292470288
1145715308849057	1145715323627827	1145715316460057
1145715310980134	1145715331920365	1145715318000673
1145715318787442	1145715340260442	1145715321684442
1145715322415211	1145715348587750	1145715323642903
1145715331753057	1145715356918827	1145715333907519
1145715339977288	1145715365271750	1145715342065596
1145715347962288	1145715373633673	1145715349236750
1145715356207750	1145715382022903	1145715358494903
1145715364639750	1145715390379827	1145715366655211
1145715373251827	1145715398627750	1145715375372057
1145715381387519	1145715407029673	1145715383360673
1145715389546596	1145715415291827	1145715392142827
1145715398154903	1145715423703519	1145715399972442
1145715406489288	1145715431964442	1145715408523827
1145715414781596	1145715440397673	1145715417329288
1145715422363519	1145715448644442	1145715424617057
1145715431142827	1145715456986519	1145715433460134
1145715439261980	1145715465322596	1145715441686903
1145715448854288	1145715473659442	1145715450743134
1145715454914211	1145715481987827	1145715457305903
1145715462402211	1145715490331442	1145715464773288
1145715470938596	1145715498701365	1145715473240134
1145715478987211	1145715507094288	1145715481361903
1145715487343442	1145715515563211	1145715489899211
1145715496890903	1145715523704057	1145715499076980
1145715506081980	1145715532152134	1145715508240134
1145715514572057	1145715540501903	1145715517087750
1145715521794288	1145715548915827	1145715524358903
1145715530776980	1145715557116750	1145715533124980
1145715540308442	1145715565397365	1145715542421903
1145715548415519	1145715573724365	1145715550257903
1145715556479519	1145715582095750	1145715558583750
1145715565432673	1145715590484057	1145715567668057
1145715572594903	1145715598750288	1145715574575750
1145715581312442	1145715607087519	1145715583391442
1145715589011134	1145715615862519	1145715591024750
1145715597487519	1145715623799827	1145715600268057
1145715606951134	1145715632247827	1145715609229980
1145715614895442	1145715640455442	1145715617060980
1145715622940673	1145715649084673	1145715625022904
1145715631917980	1145715657164980	1145715634348980
1145715639641365	1145715665705904	1145715641746211
1145715648371442	1145715673784365	1145715650640980
1145715657148057	1145715682133980	1145715659421673
1145715665247211	1145715690469904	1145715667128980
1145715673933904	1145715698815750	1145715676127827
1145715681378519	1145715707146288	1145715683686211
1145715689220442	1145715715480057	1145715691239211
1145715697985673	1145715723817904	1145715700205365
1145715706529673	1145715732163750	1145715708754211
1145715715488750	1145715740516750	1145715717641980
1145715722912750	1145715748926288	1145715725378519
1145715731774904	1145715757159750	1145715733947134
1145715740555827	1145715765493904	1145715742553365
1145715748386519	1145715773862211	1145715750550596
1145715757160134	1145715782182827	1145715759069288
1145715764536365	1145715790514596	1145715766085596
1145715774355519	1145715798923211	1145715775873980
1145715781429288	1145715807206288	1145715783138827
1145715790896980	1145715815611134	1145715792498904
0	1145715823876673	1145715816861057
1145715815827134	1145715832302288	1145715818640442
1145715820233365	1145715840553904	1145715822421288
1145715822926288	1145715848926596	1145715824112365
1145715830757365	1145715857244057	1145715832805904
1145715841085596	1145715865649980	1145715842541673
1145715849016442	1145715873928134	1145715850237904
1145715856880134	1145715882241365	1145715858148980
1145715864753288	1145715890580442	1145715866577904
1145715873204750	1145715898979519	1145715875243827
1145715881934827	1145715907259442	1145715883653596
1145715889417057	1145715915605288	1145715890956365
1145715897159134	1145715923985288	1145715898974904
1145715905275211	1145715932264365	1145715907151827
1145715913959750	1145715940610211	1145715915939519
1145715921761980	1145715948961904	1145715923984750
1145715930348365	1145715957397288	1145715932525980
1145715939464365	1145715965638211	1145715941545904
1145715948791519	1145715973980365	1145715950616442
1145715956687211	1145715982317673	1145715958709673
1145715965427827	1145715990650904	1145715967521980
1145715974724750	1145715999021365	1145715976398596
1145715982281904	1145716007333904	1145715983536980
1145715990694904	1145716015679134	1145715992213673
1145715999110596	1145716024021596	1145716000871519
1145716006295134	1145716032370596	1145716007968442
1145716014825365	1145716040708980	1145716016615134
1145716023071519	1145716049099211	1145716024650827
1145716031316750	1145716057398827	1145716033016134
1145716039790596	1145716065764750	1145716041637057
1145716047084057	1145716074077673	1145716049039827
1145716056256365	1145716082470827	1145716058057673
1145716064185288	1145716090771750	1145716066045980
1145716072511750	1145716099112980	1145716074363750
1145716080430519	1145716107459442	1145716082523519
1145716090493980	1145716115811442	1145716092076980
1145716098499519	1145716124136365	1145716100324134
1145716109027134	1145716132496442	1145716109260057
1145716115831134	1145716140822904	1145716117652750
1145716123430288	1145716149162596	1145716125134211
1145716131740673	1145716157507750	1145716133652980
1145716140476365	1145716165936980	1145716142000442
1145716148128134	1145716174179519	1145716149927519
1145716157852750	1145716182513057	1145716159306904
1145716165955134	1145716190855442	1145716167588673
1145716172999827	1145716199197596	1145716174801288
1145716181093057	1145716207655134	1145716182986827
1145716189807750	1145716215889673	1145716191537980
1145716198448442	1145716224253288	1145716200056365
1145716206780750	1145716232546519	1145716208426211
1145716215588750	1145716240943750	1145716217658827
1145716224397365	1145716249245596	1145716225803750
1145716231490596	1145716257572057	1145716233422288
1145716240969057	1145716265905596	1145716242438288
1145716249167519	1145716274243442	1145716250471134
1145716257559519	1145716282581673	1145716259394211
1145716265622904	1145716291098211	1145716266608057
1145716274214288	1145716299332365	1145716275446519
1145716281182288	1145716307606519	1145716283029057
1145716290417057	1145716315974211	1145716292473288
0	1145716324264980	1145716315819211
1145716315388442	1145716332606596	1145716317352673
1145716318788980	1145716340943442	1145716320612980
1145716322507211	9223372036854775807	1145716323837288
