8333333
1146295294784400	1146295320470861	1146295296803246
1146295303422938	1146295328793630	1146295305469400
1146295310644784	1146295337135784	1146295312557707
1146295319864400	1146295345601015	1146295321869092
1146295328477630	1146295353729630	1146295330293630
1146295336297630	1146295362071784	1146295338012784
1146295344874323	1146295370382323	1146295346273938
1146295352819169	1146295378688092	1146295354364707
1146295361827861	1146295387004784	1146295363315784
1146295370219784	1146295395324707	1146295371695477
1146295378075784	1146295403667246	1146295380198938
1146295385898323	1146295411994553	1146295387877400
1146295394714938	1146295420307169	1146295397055477
1146295402607553	1146295428877707	1146295404833015
1146295412409015	1146295436905323	1146295413690553
1146295419518861	1146295445227861	1146295421309938
1146295428240477	1146295453622630	1146295430031861
1146295436301707	1146295461859246	1146295437880092
1146295444080092	1146295470177400	1146295446047553
1146295453008169	1146295478494861	1146295454492169
1146295461726938	1146295486809938	1146295463091246
1146295470470015	1146295495124169	1146295472029400
1146295477410630	1146295503448169	1146295479220707
1146295487496169	1146295511771246	1146295489147246
1146295493790553	1146295520094553	1146295495650246
1146295502448169	1146295528400707	1146295504382553
1146295512294553	1146295536745630	1146295514237092
1146295519571861	1146295545038938	1146295521629400
1146295528884707	1146295553341938	1146295530331553
1146295535994630	1146295561662630	1146295538003553
1146295544358015	1146295569989938	1146295546262553
1146295551203246	1146295578297630	1146295552944092
1146295560268092	1146295586858246	1146295562389323
1146295568729630	1146295594948707	1146295570749092
1146295576737630	1146295603401323	1146295578797938
1146295585801938	1146295611610015	1146295587329400
1146295594181015	1146295619905400	1146295596127861
1146295602205400	1146295628297938	1146295604046938
1146295612110246	1146295636624784	1146295613925323
1146295619752169	1146295644853707	1146295621259246
1146295627920784	1146295653163861	1146295629706861
1146295635928092	1146295661488169	1146295637825015
1146295644397630	1146295669795861	1146295646192707
1146295653498630	1146295678195861	1146295655138861
1146295660859246	1146295686425630	1146295662721015
1146295668260784	1146295694770015	1146295670018015
1146295677046861	1146295703103553	1146295678600092
1146295685651861	1146295711394015	1146295687517630
1146295693513938	1146295719710323	1146295695441015
1146295702110015	1146295728105015	1146295704042553
1146295719473323	1146295736353015	1146295726339861
1146295721847784	1146295744678015	1146295729992092
1146295729587169	1146295752978323	1146295731548092
1146295735321015	1146295761303169	1146295737982323
1146295745371553	1146295769653938	1146295747970015
1146295752290015	1146295777937630	1146295753620169
1146295760164784	1146295786262861	1146295761948169
1146295769119553	1146295794579477	1146295771244169
1146295777106938	1146295802909323	1146295778957630
1146295785266015	1146295811256400	1146295786901400
1146295793766553	1146295819559246	1146295795692092
1146295802127477	1146295827889092	1146295803642553
1146295811027477	1146295836233400	1146295812778553
1146295819333630	1146295844534246	1146295821570938
1146295830723861	1146295852836707	1146295831754553
1146295836108092	1146295861207861	1146295837942553
1146295844271553	1146295869474861	1146295846262323
1146295851612092	1146295877797938	1146295853377015
1146295860271784	1146295886118861	1146295862292169
1146295868809323	1146295894532784	1146295870313015
1146295876779477	1146295902746630	1146295878550630
1146295885185015	1146295911064707	1146295887048707
1146295893582246	1146295919380477	1146295895282938
1146295901993707	1146295927700169	1146295903631784
1146295909733400	1146295936014861	1146295911822323
1146295919065015	1146295944335477	1146295920582938
1146295927292477	1146295952650861	1146295928991169
1146295934612400	1146295961071246	1146295936632477
1146295943324400	1146295969281015	1146295945047861
1146295951810630	1146295977729015	1146295953531246
1146295958941630	1146295985983246	1146295961073323
1146295967140707	1146295994238553	1146295969415246
1146295975324169	1146296002566553	1146295977478015
1146295983438938	1146296010945015	1146295985619246
1146295993407169	1146296019195784	1146295995121707
1146296001893323	1146296027514015	1146296003885323
1146296010844092	1146296035817707	1146296012438323
1146296018415861	1146296044151553	1146296020384169
1146296027714246	1146296052472784	1146296028692169
1146296034476477	1146296060783169	1146296036297015
1146296046946323	1146296069113938	1146296047527477
1146296051669323	1146296077424784	1146296053869938
1146296060570861	1146296085761938	1146296061989938
1146296068668169	1146296094068092	1146296070505400
1146296075831861	1146296102393323	1146296077954938
1146296085316400	1146296110684169	1146296087280477
1146296092905630	1146296118999861	1146296094410246
1146296102442015	1146296127360092	1146296104166246
1146296109293400	1146296135658630	1146296111066553
1146296117678938	1146296143990938	1146296119368784
1146296125821630	1146296152349938	1146296127607477
1146296133390015	1146296160591246	1146296135755169
1146296141920400	1146296168937323	1146296143986323
1146296150139861	1146296177231553	1146296151751169
1146296159991861	1146296185565938	1146296161831784
1146296167758323	1146296193870246	1146296169609400
1146296176125015	1146296202205938	1146296177937938
1146296185807477	1146296210562015	1146296187324784
1146296192890553	1146296218827477	1146296194785092
1146296200935477	1146296227137630	1146296202753323
1146296210203553	1146296235447246	1146296211592477
0	1146296243764477	1146296235251553
1146296231727861	1146296252096477	1146296236883169
1146296237257707	1146296260410938	1146296238661707
1146296242254938	1146296268746630	1146296244216707
1146296251518630	1146296277080092	1146296253288707
1146296259381707	1146296285365323	1146296261055553
1146296269153938	1146296293672400	1146296270509092
1146296276697015	1146296302007477	1146296278352169
1146296285106938	1146296310315553	1146296286639784
1146296292870323	1146296318666015	1146296294531553
1146296302436477	1146296326965707	1146296305223553
1146296310399553	1146296335264707	1146296312287784
1146296318633938	1146296343646015	1146296320174553
1146296325874323	1146296351907784	1146296327647477
1146296334336092	1146296360225400	1146296336213323
1146296342775169	9223372036854775807	1146296344781400
