8333333
1145750503604367	1145750533455829	1145750505914598
1145750512525367	1145750541824983	1145750514779752
1145750521083136	1145750550265983	1145750523036059
1145750529704983	1145750558535136	1145750531939136
1145750536567136	1145750566840367	1145750538935829
1145750548825367	1145750575219444	1145750549893983
1145750554670213	1145750583584136	1145750556608752
1145750562390290	1145750591878521	1145750564256752
1145750569893983	1145750600291521	1145750571905290
1145750579540752	1145750608602829	1145750581785906
1145750586679521	1145750616910829	1145750589003136
1145750596837983	1145750625236983	1145750599032983
1145750604446290	1145750633569906	1145750606578290
1145750611418521	1145750641916136	1145750613712059
1145750621982829	1145750650262521	1145750623711521
1145750629559829	1145750658588136	1145750631361367
1145750638183213	1145750666994213	1145750639950521
1145750645886521	1145750675279444	1145750647675444
1145750655242521	1145750683629983	1145750657692136
1145750662066829	1145750691949367	1145750663923752
1145750670706906	1145750700298598	1145750672277983
1145750679459213	1145750708640136	1145750681312059
1145750688851829	1145750716982598	1145750691083752
1145750696686213	1145750725317598	1145750698349675
1145750704832136	1145750733662906	1145750706673675
1145750712244675	1145750742041983	1145750714279829
1145750721220983	1145750750341059	1145750723324983
1145750728322906	1145750758701290	1145750730274829
1145750739144444	1145750767033290	1145750740735213
1145750745107521	1145750775352136	1145750746992983
1145750753982906	1145750783741675	1145750756111752
1145750763890290	1145750792050213	1145750765708059
1145750770963752	1145750800393367	1145750772888367
1145750778053367	1145750808725059	1145750780389290
1145750787513367	1145750817062290	1145750789579829
1145750795662906	1145750825403829	1145750798009290
1145750805082598	1145750833749675	1145750807041675
1145750812371213	1145750842090290	1145750814407752
1145750821860059	1145750850435521	1145750823106290
1145750836523136	1145750858769983	1145750838115829
1145750839999444	1145750867107752	1145750841526598
1145750846955752	1145750875442213	1145750849048675
1145750854591136	1145750883789598	1145750856584367
1145750862679829	1145750892129367	1145750864657598
1145750871693675	1145750900460367	1145750873484444
1145750879525906	1145750908838906	1145750881320444
1145750887617367	1145750917147752	1145750889506906
1145750897372059	1145750925503829	1145750898750829
1145750904688367	1145750933845675	1145750906619521
1145750913128444	1145750942177059	1145750914968983
1145750920478598	1145750950514290	1145750922389675
1145750930026598	1145750958901290	1145750932443213
1145750937867213	1145750967183213	1145750939526829
1145750946753675	1145750975526521	1145750948831213
1145750955264444	1145750983884367	1145750957159136
1145750962712136	1145750992248444	1145750964711136
1145750971474290	1145751000561290	1145750973657675
1145750980414521	1145751008893906	1145750982488983
1145750987113367	1145751017243521	1145750989421290
1145750996877367	1145751025565290	1145750998982521
1145751004258829	1145751033930598	1145751006417906
1145751013378521	1145751042257675	1145751015727752
1145751021156059	1145751050585598	1145751022763521
1145751028257290	1145751058935136	1145751030546829
1145751036816444	1145751067269290	1145751038541906
1145751045970521	1145751075601598	1145751048085598
1145751053650290	1145751083978213	1145751056291521
1145751061768059	1145751092293983	1145751063794829
1145751070792059	1145751100668444	1145751072744136
1145751077994906	1145751108979444	1145751080094829
1145751085675829	1145751117311213	1145751087927829
1145751094991136	1145751125648983	1145751097168136
1145751104420983	1145751133991444	1145751106420367
1145751113135213	1145751142326829	1145751114883752
1145751118328059	1145751150667136	1145751120400983
1145751127234598	1145751159012983	1145751129345059
1145751135652367	1145751167379136	1145751137948059
1145751143999521	1145751175722521	1145751146325675
1145751153344367	1145751184122598	1145751155230829
1145751162823136	1145751192436675	1145751164619213
1145751172226521	1145751200727521	1145751174304983
1145751181088136	1145751209069598	1145751183224675
1145751191363829	1145751217403136	1145751193175752
1145751197583444	1145751225747829	1145751199303213
1145751206039521	1145751234087213	1145751207567136
1145751213610906	1145751242475213	1145751215305598
1145751221894521	1145751250788136	1145751223901675
1145751229851213	1145751259108675	1145751231983444
1145751238998598	1145751267448136	1145751241110906
1145751246597675	1145751275787752	1145751248670213
1145751254579444	1145751284122521	1145751256730521
1145751262400675	1145751292461675	1145751264375136
1145751271365059	1145751300804059	1145751272976752
1145751279599829	1145751309148752	1145751281434598
1145751285299521	1145751317491136	1145751287371213
1145751294421290	1145751325832752	1145751296640367
1145751303586213	1145751334328136	1145751305788752
1145751311562521	1145751342514598	1145751313654598
1145751322349367	1145751350872367	1145751323605059
1145751330573906	1145751359215521	1145751332740136
1145751337613290	1145751367627752	1145751339746598
1145751346287136	1145751375875829	1145751348649983
1145751355777983	1145751384252367	1145751357981059
1145751363680059	1145751392553059	1145751365602829
1145751371413290	1145751400913983	1145751373404367
1145751379610213	1145751409235521	1145751381199444
1145751388518829	1145751417575829	1145751389680752
1145751397837290	1145751425917675	1145751399418829
1145751404895213	1145751434248752	1145751406688752
1145751413404367	1145751442612444	1145751415452059
1145751421932675	1145751450932367	1145751423418829
1145751429854598	1145751459276444	1145751431851752
1145751437040752	1145751467614290	1145751439129367
1145751446248752	1145751475962521	1145751448149367
1145751453511521	1145751484475829	1145751455188059
1145751462156367	1145751492685367	1145751463825983
1145751470641675	1145751500994598	1145751472592675
1145751481442598	1145751509349598	1145751483482906
1145751489895829	1145751517658829	1145751491873290
1145751498042521	1145751525999829	1145751499329367
1145751505115213	1145751534346521	1145751506573598
1145751512675213	1145751542678521	1145751514689290
1145751519683829	1145751551080059	1145751521699829
1145751528484136	1145751559363752	1145751530388059
1145751537160983	1145751567703521	1145751539366521
1145751546212444	1145751576044752	1145751548179136
1145751555918290	9223372036854775807	1145751557724983
