8333333
1145937961237917	1145937987228763	1145937963731532
1145937970222917	1145937995635840	1145937972272455
1145937978058917	1145938003948994	1145937980421686
1145937986165301	1145938012199763	1145937988377071
1145937992465301	1145938020500071	1145937994835532
1145938001196686	1145938028809071	1145938003785071
1145938009784686	1145938037134609	1145938012111763
1145938019862532	1145938045462224	1145938022202224
0	1145938053764148	1145938039412686
1145938039125917	1145938062326532	1145938042358224
1145938043866840	1145938070407455	1145938045013609
1145938052886917	1145938078748378	1145938055152763
1145938060941609	1145938087051532	1145938063291532
1145938069382224	1145938095433686	1145938071693994
1145938078562840	1145938103700763	1145938080188148
1145938086061378	1145938112020455	1145938088415532
1145938094624455	1145938120380148	1145938097201609
1145938102970301	1145938128662301	1145938105141686
1145938111410532	1145938136987763	1145938113644763
1145938122022840	1145938145312378	1145938123521301
1145938128894224	1145938153643455	1145938130510301
1145938137029686	1145938161969609	1145938139068071
1145938144324994	1145938170281378	1145938146267840
1145938152467532	1145938178630917	1145938154498840
1145938163587224	1145938186928994	1145938164822840
1145938170556148	1145938195247148	1145938171805301
1145938177937378	1145938203570840	1145938179893609
1145938186002917	1145938211877378	1145938188100148
1145938195402532	1145938220242917	1145938196647224
1145938202688071	1145938228529609	1145938204951532
1145938213619148	1145938236841994	1145938214389994
1145938219720148	1145938245170532	1145938221465071
1145938228651224	1145938253509378	1145938231195224
1145938236678224	1145938261799763	1145938238551455
1145938244152686	1145938270246532	1145938246034224
1145938252785071	1145938278453686	1145938254485994
1145938261021686	1145938286865378	1145938263250609
1145938269711224	1145938295113378	1145938271689917
1145938277876071	1145938303396686	1145938280238840
1145938286287532	1145938311893686	1145938288344994
1145938294138301	1145938320013686	1145938296200455
1145938302263763	1145938328344378	1145938304250301
1145938310940071	1145938336668071	1145938313484455
1145938320654532	1145938345003148	1145938322130917
1145938328348071	1145938353297609	1145938329694301
1145938335907455	1145938361618301	1145938337851455
1145938345437917	1145938369942609	1145938347609686
1145938353688763	1145938378307148	1145938355080455
1145938361076148	1145938386565301	1145938363116378
1145938369986917	1145938394878609	1145938371940994
1145938377861378	1145938403309994	1145938379309609
1145938385096071	1145938411562224	1145938386878224
1145938393508071	1145938419840378	1145938395237071
1145938401689071	1145938428177994	1145938403537378
1145938411961686	1145938436489609	1145938413382224
1145938419345378	1145938444836071	1145938421288686
1145938427361609	1145938453117917	1145938429354532
1145938435572455	1145938461470917	1145938438125301
1145938444242609	1145938469763763	1145938446624455
1145938451771148	1145938478093609	1145938453864071
1145938461645609	1145938486409301	1145938463528994
1145938468200455	1145938494710609	1145938470093994
1145938478060763	1145938503031148	1145938480400763
1145938484982224	1145938511362532	1145938486926224
1145938493571532	1145938519665071	1145938495475840
1145938501440148	1145938527994532	1145938503329686
1145938510712071	1145938536301301	1145938512502301
1145938518769917	1145938544626609	1145938521146301
1145938527274532	1145938552955763	1145938529592148
1145938546864686	1145938561261378	1145938552112455
1145938549289609	1145938569568455	1145938553936994
1145938554718224	1145938577952763	1145938557562917
1145938559486301	1145938586210532	1145938560815532
1145938567832071	1145938594530224	1145938570002532
1145938577704455	1145938602965609	1145938579545071
1145938584518609	1145938611163532	1145938586773071
1145938594065917	1145938619485301	1145938596044686
1145938602324763	1145938627801686	1145938604236686
1145938610314532	1145938636121917	1145938612422840
1145938618300071	1145938644429071	1145938620200763
1145938626456071	1145938652824455	1145938628289994
1145938634650609	1145938661158301	1145938636507840
1145938642469301	1145938669587532	1145938644663532
1145938650347148	1145938677710532	1145938652581609
1145938658845917	1145938686036455	1145938661034609
1145938667411224	1145938694354609	1145938669887763
1145938677391532	1145938702665686	1145938679280455
1145938687540378	1145938710973686	1145938688676378
1145938695600148	1145938719368763	1145938696663763
1145938702328148	1145938727614301	1145938703817994
1145938711222609	1145938735931763	1145938712976763
1145938718593686	1145938744282301	1145938720417686
1145938726520148	1145938752581301	1145938728301609
1145938736539532	1145938760880071	1145938737940686
1145938744279224	1145938769200071	1145938745763532
1145938751378224	1145938777602532	1145938753186301
1145938759995148	1145938785846609	1145938761702532
1145938767890840	1145938794202532	1145938769705917
1145938775561301	1145938802520994	1145938777617994
1145938783662301	1145938810809378	1145938785693071
1145938792189301	1145938819233609	1145938794188455
1145938800292686	1145938827447532	1145938802278840
1145938808541917	1145938835746840	1145938811173071
1145938818664686	1145938844073917	1145938820293301
1145938826495840	1145938852389609	1145938828144071
1145938835208378	1145938860720378	1145938837021609
1145938844537071	1145938869027840	1145938846093917
1145938852156994	1145938877352071	1145938853707840
1145938860604763	1145938885673994	1145938862499224
1145938869061378	1145938893984148	1145938870345686
1145938877043225	1145938902288071	1145938878522840
1145938886250840	1145938910680763	1145938887656763
1145938893748994	1145938918923148	1145938895308071
1145938901720763	1145938927251148	1145938903472378
1145938911034609	1145938935705609	1145938912332763
1145938918762532	1145938943900763	1145938920095455
1145938925823840	1145938952192686	1145938927906917
1145938934419763	1145938960541994	1145938936725071
1145938943846917	1145938968916994	1145938945683532
1145938951766840	1145938977341917	1145938953927225
1145938960186917	1145938985471840	1145938962091532
1145938968346609	1145938993781071	1145938970611455
1145938977351532	1145939002110917	1145938979331148
1145938984625917	1145939010414917	1145938985776994
1145938992570532	1145939018737917	1145938994737609
1145939000187763	1145939027071148	1145939002158917
1145939007742917	9223372036854775807	1145939010018840
