8333333
1146248520679166	1146248545835551	1146248522205320
1146248538720781	1146248554178628	1146248544295166
1146248541614935	1146248562545320	1146248546095243
1146248547449089	1146248570849935	1146248549415474
1146248553130935	1146248579107243	1146248556635474
1146248560953935	1146248587418320	1146248562815474
1146248570262243	1146248595789320	1146248572464166
1146248578721935	1146248604277935	1146248580084089
1146248586685935	1146248612381705	1146248588417397
1146248594889397	1146248620688781	1146248597126858
1146248603888166	1146248629028089	1146248605688781
1146248611864166	1146248637337705	1146248613750628
1146248620224705	1146248645651858	1146248622051551
1146248629922320	1146248654024089	1146248631629628
1146248637081089	1146248662289089	1146248638576397
1146248648299474	1146248670606012	1146248650353320
1146248653343166	1146248678961089	1146248656171551
1146248661578012	1146248687236089	1146248663116397
1146248669466012	1146248695557012	1146248671301397
1146248679222320	1146248703873628	1146248680493397
1146248686328781	1146248712198320	1146248688203781
1146248694221705	1146248720525089	1146248695972089
1146248704142551	1146248728828474	1146248705126551
1146248711335474	1146248737147166	1146248712573397
1146248723473628	1146248745468089	1146248725272397
1146248727086551	1146248753794551	1146248729075551
1146248736238858	1146248762097397	1146248737875166
1146248744783858	1146248770451166	1146248746605089
1146248752369320	1146248778751781	1146248754114320
1146248760834935	1146248787057705	1146248762480781
1146248770572397	1146248795374551	1146248771798551
1146248779772705	1146248803740397	1146248780844474
1146248786044705	1146248812149089	1146248787998243
1146248794413012	1146248820332705	1146248796430012
1146248804954243	1146248828641012	1146248805645012
1146248811228781	1146248836973935	1146248813026551
1146248820536781	1146248845290551	1146248822090243
1146248828797397	1146248853608397	1146248830184089
1146248836147243	1146248861927858	1146248837959243
1146248845455781	1146248870253320	1146248847267474
1146248854509320	1146248878562243	1146248855926012
1146248860377320	1146248886884089	1146248862273397
1146248868881705	1146248895207858	1146248870829012
1146248880329089	1146248903512166	1146248880869935
1146248886290012	1146248911815858	1146248887825705
1146248894029012	1146248920143858	1146248895925397
1146248903413089	1146248928461089	1146248904614012
1146248910991551	1146248936781628	1146248912456089
1146248919323166	1146248945128705	1146248921415858
1146248927290858	1146248953420089	1146248929570243
1146248937697935	1146248961757705	1146248939359166
1146248946396397	1146248970059474	1146248947041012
1146248953335166	1146248978389089	1146248954942551
1146248962274858	1146248986686012	1146248963705320
1146248969625089	1146248995057320	1146248971469628
1146248977953628	1146249003314320	1146248980058551
1146248986509012	1146249011662320	1146248988090320
1146248994257012	1146249019955858	1146248995970628
1146249004128166	1146249028270243	1146249005624781
1146249010971474	1146249036593012	1146249012930858
1146249021066858	1146249045159551	1146249022183858
1146249028355474	1146249053262551	1146249029565089
1146249044697628	1146249061535781	1146249046790243
1146249047468166	1146249069888705	1146249048536781
1146249052834320	1146249078243781	1146249053841628
1146249060582858	1146249086506320	1146249061994551
1146249068598551	1146249094808781	1146249070226243
1146249078483243	1146249103216089	1146249079816166
1146249085931474	1146249111449320	1146249087691858
1146249094004705	1146249119804089	1146249095657320
1146249102517397	1146249128100781	1146249104313397
1146249112510551	1146249136413705	1146249113422858
1146249118952089	1146249144716781	1146249120527243
1146249128290243	1146249153022628	1146249129561935
1146249136562628	1146249161358551	1146249137997320
1146249144289012	1146249169692397	1146249146516397
1146249152798243	1146249177971243	1146249155111243
1146249160409397	1146249186286012	1146249162177089
1146249168896089	1146249194663474	1146249170475781
1146249175980781	1146249202949397	1146249177846012
1146249184500474	1146249211277012	1146249186575781
1146249192360166	1146249219604705	1146249194432781
1146249200635781	1146249228041397	1146249202865397
1146249209890012	1146249236803551	1146249211651166
1146249219473705	1146249244576474	1146249221817089
1146249227473397	1146249252843474	1146249229522320
1146249235787243	1146249261152166	1146249238082243
1146249243647551	1146249269472781	1146249245707551
1146249253095551	1146249277861320	1146249254874012
1146249260708474	1146249286107474	1146249262582012
1146249270428397	1146249294427474	1146249271819551
1146249278054012	1146249302737935	1146249279485397
1146249285560397	1146249311053089	1146249287351243
1146249294039166	1146249319373397	1146249295751551
1146249301399781	1146249327699551	1146249303273397
1146249310469935	1146249336009089	1146249311780397
1146249317826551	1146249344323474	1146249319570243
1146249325977320	1146249352639166	1146249327678628
1146249334434935	1146249360965935	1146249336446012
1146249342053628	1146249369317935	1146249344204397
1146249351381397	1146249377601012	1146249353462858
1146249359762935	1146249385933935	1146249361638012
1146249367934012	1146249394230935	1146249369987474
1146249377887551	1146249402553089	1146249379647858
1146249385708781	1146249410965935	1146249387164089
1146249394097089	1146249419211781	1146249395695166
1146249401764705	1146249427561089	1146249403010243
1146249412127551	1146249435817935	1146249413907858
1146249418009935	1146249444136705	1146249420089012
1146249428880166	1146249452485628	1146249429860089
1146249435960166	1146249460772089	1146249437702628
1146249443704166	1146249469083243	1146249445807166
1146249452246243	1146249477401628	1146249453302628
1146249459377628	1146249485734320	1146249461131858
1146249467078935	1146249494130858	1146249469040089
1146249475827781	1146249502364781	1146249477897705
1146249487121935	1146249510671474	1146249488678320
1146249493522012	1146249518986628	1146249495146858
1146249502299474	1146249527314935	1146249503551858
1146249509898935	1146249535635243	1146249512170935
1146249518309705	1146249543956474	1146249520534935
1146249526898935	1146249552322320	1146249528685397
1146249535219474	1146249560609935	1146249537177089
1146249554774243	1146249568926320	1146249559022243
1146249558803474	1146249577213012	1146249560497012
1146249562024397	1146249585592474	1146249563724474
1146249567133397	9223372036854775807	1146249568470858
