8333333
1145885276666298	1145885300950914	1145885278057606
1145885282404144	1145885309352760	1145885284558606
1145885291154221	1145885317723760	1145885293206298
1145885300434298	1145885325910529	1145885302444452
1145885311029375	1145885334254606	1145885312524067
1145885317580144	1145885342572683	1145885319287144
1145885326387144	1145885350863760	1145885327954837
1145885333979452	1145885359187221	1145885335992760
1145885342535452	1145885367494914	1145885344238529
1145885350236144	1145885375837067	1145885351863760
1145885358718914	1145885384134298	1145885360589606
1145885367102529	1145885392448991	1145885368772683
1145885374836144	1145885400846837	1145885376865683
1145885384530606	1145885409091837	1145885386019221
1145885391664067	1145885417407760	1145885393311529
1145885399838837	1145885425725683	1145885401705914
1145885409431221	1145885434059760	1145885410316991
1145885419040991	1145885442368067	1145885418722837
1145885424355221	1145885450690221	1145885426497067
1145885433374529	1145885458991144	1145885435661375
1145885441926529	1145885467342914	1145885444329375
1145885451854529	1145885475629991	1145885453663837
1145885457630298	1145885484001991	1145885459834298
1145885468861914	1145885492296375	1145885470461606
1145885476912760	1145885500595760	1145885477669606
1145885483642529	1145885508895529	1145885485390837
1145885490832375	1145885517288991	1145885492813375
1145885499389991	1145885525549683	1145885501628991
1145885507646298	1145885533860067	1145885509652067
1145885516406606	1145885542165914	1145885518338221
1145885524693298	1145885550487529	1145885526538606
1145885532379837	1145885558834837	1145885534387837
1145885540485067	1145885567134914	1145885542536375
1145885549323221	1145885575454606	1145885551816683
1145885558870529	1145885583786529	1145885560676991
1145885566732375	1145885592166529	1145885568914606
1145885575290221	1145885600545991	1145885577211144
1145885584616067	1145885608823144	1145885586323837
1145885592166837	1145885617061298	1145885594266529
1145885599536375	1145885625364067	1145885601580760
1145885607655529	1145885633678298	1145885609908683
1145885616344683	1145885642091760	1145885618257683
1145885625448452	1145885650315144	1145885627292760
1145885633712991	1145885658626606	1145885635564375
1145885643260683	1145885666952991	1145885645265067
1145885651908683	1145885675260375	1145885652839452
1145885658283529	1145885683614298	1145885659632760
1145885666640760	1145885691895760	1145885668209914
1145885675156991	1145885700216683	1145885676858529
1145885683289991	1145885708541991	1145885684917606
1145885692696375	1145885716930837	1145885693908991
1145885699706837	1145885725215529	1145885701506914
1145885708255837	1145885733499144	1145885709959837
1145885717014837	1145885741830837	1145885718395837
1145885725256991	1145885750135452	1145885726535221
1145885733928683	1145885758442606	1145885735445606
1145885740886837	1145885766748144	1145885742589298
1145885749864760	1145885775109683	1145885751705683
1145885758039221	1145885783393991	1145885760374298
1145885776521375	1145885791708067	1145885783742298
1145885778803144	1145885800021991	1145885786915837
1145885786398606	1145885808340067	1145885788539221
1145885790856991	1145885816653606	1145885792101298
1145885799254606	1145885824973683	1145885801204452
1145885807378221	1145885833308760	1145885808754529
1145885816160067	1145885841610221	1145885817914606
1145885824314529	1145885849934837	1145885825971529
1145885832584683	1145885858282606	1145885834025298
1145885841533991	1145885866559837	1145885842587221
1145885849966298	1145885874887837	1145885851413991
1145885857043837	1145885883190914	1145885859171452
1145885865909914	1145885891597375	1145885867948760
1145885875144991	1145885899836375	1145885876679144
1145885882668452	1145885908148683	1145885884156144
1145885891141298	1145885916454221	1145885893139221
1145885898704144	1145885924767837	1145885900590837
1145885905932683	1145885933154529	1145885907976144
1145885913211452	1145885941402221	1145885915492144
1145885922317683	1145885949941914	1145885924381606
1145885930298221	1145885958058914	1145885932628375
1145885938965991	1145885966359760	1145885941078914
1145885948955144	1145885974713298	1145885951981375
1145885959669068	1145885983061068	1145885960922914
1145885964990606	1145885991320144	1145885966914298
1145885974569683	1145885999729914	1145885976520991
1145885982647221	1145886007969606	1145885984126221
1145885992837606	1145886016283221	1145885993121683
1145885998130606	1145886024601991	1145886000181068
1145886007875452	1145886032901298	1145886010231452
1145886016136452	1145886041218914	1145886018504760
1145886024903452	1145886049561606	1145886026454221
1145886033302298	1145886057895221	1145886035237991
1145886041057068	1145886066268683	1145886043038221
1145886049886298	1145886074556991	1145886051642298
1145886057082606	1145886082808144	1145886059048760
1145886064470606	1145886091124683	1145886066606298
1145886075044760	1145886099439837	1145886075853298
1145886081022298	1145886107759452	1145886083022529
1145886089353606	1145886116304760	1145886091531452
1145886097553068	1145886124434298	1145886099840144
1145886105783221	1145886132725375	1145886108149914
1145886114953375	1145886141048452	1145886117082529
1145886122972068	1145886149392452	1145886124921068
1145886131646837	1145886157696760	1145886133327144
1145886140297683	1145886166267760	1145886141688068
1145886149180991	1145886174338298	1145886150600683
1145886156366606	1145886182660068	1145886158337914
1145886165205606	1145886190972683	1145886167208375
1145886172942298	1145886199319837	1145886174845683
1145886182185298	1145886207632760	1145886184220760
1145886190100991	1145886215937068	1145886192436144
1145886201891221	1145886224257991	1145886202511529
1145886207145375	1145886232585991	1145886208984144
1145886214559837	1145886240922606	1145886216433914
1145886225000760	1145886249224144	1145886226267221
1145886231302298	1145886257571529	1145886232961298
1145886240421375	1145886265868991	1145886241770914
1145886248635221	1145886274187760	1145886250416068
1145886256292144	1145886282541914	1145886258165298
1145886264550914	1145886290846529	1145886266256144
1145886281339529	1145886299147837	1145886283915221
1145886283419529	1145886307481683	1145886285516991
1145886289527452	1145886315824452	1145886291043760
1145886297761606	1145886324131837	1145886299688375
1145886306008683	1145886332442298	1145886307963144
1145886316159760	1145886340800760	1145886317770529
1145886323108375	9223372036854775807	1145886324929375
