8333333
1145738761086905	1145738790555828	1145738762980674
1145738772360059	1145738798893059	1145738774299520
1145738778907136	1145738807245982	1145738780904751
1145738786339751	1145738815574289	1145738787750905
1145738794513905	1145738823908674	1145738796229289
1145738802605059	1145738832245905	1145738804498597
1145738811691443	1145738840592443	1145738813732674
1145738826914520	1145738848938597	1145738828637366
1145738830226213	1145738857262905	1145738831868674
1145738834839751	1145738865620366	1145738837741674
1145738845286213	1145738873989674	1145738847331520
1145738852763443	1145738882292366	1145738854668674
1145738860809366	1145738890643443	1145738862860059
1145738871061597	1145738898994520	1145738873115443
1145738878168674	1145738907392366	1145738879980751
1145738885514905	1145738915656982	1145738887448751
1145738894935213	1145738924002905	1145738896778290
1145738905337290	1145738932355213	1145738906679751
1145738910640136	1145738940708136	1145738912209905
1145738920481366	1145738949048366	1145738922456674
1145738927874520	1145738957377905	1145738930089366
1145738935425597	1145738965720059	1145738937529674
1145738945160674	1145738974142905	1145738947349290
1145738952317290	1145738982435520	1145738954442290
1145738961807828	1145738990749290	1145738963935443
1145738970361674	1145738999105597	1145738972099136
1145738977644366	1145739007544443	1145738980152443
1145738985541597	1145739015829290	1145738987774520
1145738994399136	1145739024182828	1145738996702828
1145739004327136	1145739032505674	1145739006952751
1145739011388366	1145739040887443	1145739013577059
1145739020864674	1145739049177597	1145739022507828
1145739028071136	1145739057511520	1145739030107751
1145739037607443	1145739065845290	1145739039507520
1145739044576982	1145739074550520	1145739046558828
1145739053986828	1145739082541982	1145739055752751
1145739061153366	1145739090878520	1145739063224674
1145739070956751	1145739099301597	1145739073123520
1145739080441982	1145739107559443	1145739082541905
1145739086724136	1145739115894905	1145739088782905
1145739094270828	1145739124261982	1145739096226213
1145739101946828	1145739132791443	1145739104231213
1145739110433597	1145739140935828	1145739112199443
1145739118408059	1145739149278828	1145739120419443
1145739127473982	1145739157632059	1145739129741674
1145739136202905	1145739165971828	1145739138274597
1145739144772751	1145739174305366	1145739146922597
1145739154498905	1145739182641674	1145739156949059
1145739162490597	1145739190984982	1145739164700443
1145739170746905	1145739199332674	1145739172405597
1145739178612366	1145739207662828	1145739180223520
1145739185809597	1145739216009290	1145739187754520
1145739195582597	1145739224344443	1145739196954905
1145739203267213	1145739232690290	1145739204702213
1145739212290828	1145739241014905	1145739213904751
1145739219107213	1145739249358828	1145739221045059
1145739229368059	1145739257709290	1145739232160751
1145739236554828	1145739266038597	1145739238462828
1145739244643520	1145739274385366	1145739245907520
1145739252791520	1145739282746290	1145739254562290
1145739263128751	1145739291062597	1145739264679443
1145739269194520	1145739299401290	1145739271159136
1145739281062290	1145739307750597	1145739281839520
1145739286258828	1145739316080751	1145739288319443
1145739295585059	1145739324413290	1145739297407136
1145739303239136	1145739332802290	1145739305254290
1145739312994597	1145739341125366	1145739314361905
1145739323906213	1145739349492059	1145739325371136
1145739328830905	1145739357800136	1145739330640443
1145739335674597	1145739366117674	1145739337632059
1145739346718597	1145739374738290	1145739349099751
1145739353221674	1145739382794213	1145739355223213
1145739364689366	1145739391130597	1145739366409290
1145739371532751	1145739399462213	1145739373371520
1145739379393982	1145739407804136	1145739381526597
1145739388927751	1145739416149059	1145739390129597
1145739394968674	1145739424488136	1145739396413059
1145739402285366	1145739432826520	1145739404210290
1145739409976136	1145739441165290	1145739411786520
1145739418880982	1145739449509059	1145739420639520
1145739426730828	1145739457836136	1145739428840674
1145739435460674	1145739466207751	1145739437538213
1145739444203136	1145739474543443	1145739446145905
1145739453331213	1145739482860674	1145739454793059
1145739461983828	1145739491220674	1145739463477290
1145739469088366	1145739499592674	1145739471039136
1145739480493905	1145739507878520	1145739482365059
1145739488669290	1145739516226520	1145739491145366
1145739496585366	1145739524570213	1145739499099443
1145739504326597	1145739532911520	1145739506186290
1145739511772366	1145739541244751	1145739514178905
1145739522322597	1145739549570290	1145739524206597
1145739529994290	1145739557931828	1145739532082597
1145739537185982	1145739566258597	1145739538995136
1145739544540443	1145739574593905	1145739546278597
1145739551545982	1145739582923213	1145739553922828
1145739562463443	1145739591276366	1145739564089674
1145739568984443	1145739599688443	1145739570862213
1145739576203751	1145739607949290	1145739578361597
1145739585664674	1145739616289982	1145739587429290
1145739593981366	1145739624739828	1145739596048443
1145739602521290	1145739632972059	1145739604432059
1145739611683520	1145739641301905	1145739613262520
1145739620181059	1145739649641597	1145739622026905
1145739631034597	1145739657979136	1145739632918828
1145739636288982	1145739666343136	1145739638164751
1145739645840443	1145739674767751	1145739647512674
1145739653717059	1145739683022905	1145739655429366
1145739661606213	1145739691349905	1145739663614290
1145739671973905	1145739699667136	1145739674100674
1145739678679751	1145739708010290	1145739680633597
1145739686407136	1145739716357982	1145739688622905
1145739693934290	1145739724700674	1145739695967520
1145739701227213	1145739733048443	1145739703199136
1145739710872136	1145739741379520	1145739712634828
1145739720131751	1145739749748751	1145739721553597
1145739728109290	1145739758050597	1145739729913059
1145739737396366	1145739766392059	1145739739961674
1145739745168982	1145739774735520	1145739746805597
1145739754066905	1145739783066597	1145739755925905
1145739760908366	1145739791537905	1145739762948366
1145739772487213	1145739799767828	1145739774011136
1145739777954290	1145739808133366	1145739779941366
1145739788345290	1145739816427828	1145739790686828
1145739796635136	1145739824786520	1145739798624982
1145739803997905	1145739833105290	1145739805954213
1145739810320366	9223372036854775807	1145739812426213
