8333333
1145844543298296	1145844568592142	1145844545373296
1145844550953988	1145844576957603	1145844553194527
1145844560964065	1145844585349988	1145844562448988
1145844567304450	1145844593619142	1145844569114219
1145844576598911	1145844601955834	1145844578128988
1145844584251219	1145844610384757	1145844585397988
1145844592413911	1145844618639219	1145844594398603
1145844602116373	1145844626973373	1145844603702296
1145844610765680	1145844635379527	1145844612059527
1145844618047757	1145844643685065	1145844620191757
1145844625840988	1145844651999219	1145844627921065
1145844635813603	1145844660345373	1145844637520373
1145844643600373	1145844668911834	1145844645335142
1145844652271450	1145844677016065	1145844653797373
1145844660875834	1145844685378219	1145844662032142
1145844669687834	1145844693712450	1145844670944142
1145844676540680	1145844702042911	1145844678261604
1145844684540065	1145844710366911	1145844686191834
1145844693622219	1145844718710911	1145844695453065
1145844701610527	1145844727054834	1145844703573604
1145844710355450	1145844735393065	1145844712621988
1145844719282527	1145844743742527	1145844720691527
1145844726533296	1145844752173604	1145844729054219
1145844734579450	1145844760437604	1145844736592142
1145844742739527	1145844768768988	1145844744644680
1145844752344988	1145844777093373	1145844753628680
1145844759936680	1145844785471142	1145844761716450
1145844768298911	1145844793817296	1145844770028680
1145844775948142	1145844802124757	1145844777948142
1145844785263834	1145844810460142	1145844786733296
1145844792685911	1145844818800373	1145844794476988
1145844801505680	1145844827138604	1145844803399450
1145844809684142	1145844835501296	1145844811311527
1145844818409373	1145844843819834	1145844820140450
1145844827077988	1145844852170911	1145844829228065
1145844835833604	1145844860533680	1145844837115219
1145844842921373	1145844868846527	1145844844613680
1145844851475142	1145844877366604	1145844853405065
1145844859736065	1145844885597680	1145844861748065
1145844868721065	1145844893865988	1145844870869911
1145844876866911	1145844902218604	1145844878942527
1145844885071142	1145844910545911	1145844887041604
1145844894133296	1145844918898527	1145844895718911
1145844913312065	1145844927225988	1145844923672988
1145844916445604	1145844935566834	1145844927053373
1145844926615219	1145844943904373	1145844928139450
1145844929400988	1145844952248988	1145844930821604
1145844934552373	1145844960587142	1145844936589604
1145844942556065	1145844968944373	1145844944623834
1145844951036680	1145844977269911	1145844953221988
1145844959972065	1145844985602527	1145844961567219
1145844971792988	1145844994029604	1145844973189296
1145844976105296	1145845002320373	1145844977188065
1145844985811527	1145845010645065	1145844987682527
1145844994043450	1145845018965296	1145844995564142
1145845001871527	1145845027300450	1145845003448680
1145845010197680	1145845035741296	1145845011908680
1145845017856757	1145845043989065	1145845019902527
1145845027521065	1145845052334296	1145845028682527
1145845035723834	1145845060688065	1145845037225988
1145845043964142	1145845069014527	1145845045452450
1145845051966219	1145845077348757	1145845053536680
1145845059753911	1145845085689373	1145845061599834
1145845067758296	1145845094206296	1145845069688988
1145845076513680	1145845102424142	1145845078117373
1145845083974527	1145845110724065	1145845086258834
1145845093022911	1145845119085680	1145845095029296
1145845101800373	1145845127383142	1145845103408680
1145845111147219	1145845135727450	1145845112498834
1145845118947757	1145845144103219	1145845121058834
1145845127310296	1145845152416988	1145845129521604
1145845134122296	1145845160752680	1145845136175450
1145845143760142	1145845169092757	1145845145649680
1145845150913296	1145845177436142	1145845152814604
1145845159924142	1145845185771142	1145845161238604
1145845167671834	1145845194124142	1145845169521373
1145845176456450	1145845202462219	1145845177824065
1145845183593988	1145845210866604	1145845185610296
1145845191973065	1145845219144450	1145845194090527
1145845201992680	1145845227531527	1145845203908142
1145845211112757	1145845235846604	1145845212978834
1145845219001604	1145845244163450	1145845220588450
1145845226967834	1145845252654219	1145845228738296
1145845235295142	1145845260841604	1145845236669988
1145845242894219	1145845269255757	1145845245023450
1145845252632142	1145845277514296	1145845254255219
1145845259530296	1145845285872142	1145845261409296
1145845268303527	1145845294229296	1145845270109604
1145845277686219	1145845302535834	1145845279504373
1145845284269373	1145845310879219	1145845286207219
1145845293725373	1145845319214911	1145845295643527
1145845301070834	1145845327559142	1145845302683450
1145845309535450	1145845335894219	1145845311311527
1145845317718604	1145845344278219	1145845319576680
1145845325861373	1145845352581680	1145845327717911
1145845334779527	1145845360951834	1145845336795142
1145845343173911	1145845369267527	1145845345185911
1145845350756450	1145845377593988	1145845352753988
1145845358847834	1145845385947527	1145845360748757
1145845367319834	1145845394283757	1145845369009911
1145845375738219	1145845402622604	1145845377584065
1145845391912757	1145845411100065	1145845393651142
1145845393953373	1145845419351834	1145845395233373
1145845408703219	1145845427739527	1145845411075834
1145845410758527	1145845435985373	1145845414009988
1145845417369988	1145845444401988	1145845418951219
1145845426018834	1145845452668373	1145845428784142
1145845436614296	1145845461086834	1145845437904450
1145845442821604	1145845469349065	1145845444951757
1145845452578296	1145845477692757	1145845454422604
1145845460413373	1145845486044142	1145845462387757
1145845468653988	1145845494402604	1145845470776373
1145845476436450	1145845502720142	1145845478164065
1145845485073604	1145845511166527	1145845487190604
1145845493600373	1145845519447450	1145845496156450
1145845501562834	1145845527798296	1145845503941911
1145845510806834	1145845536256757	1145845513017604
1145845518847757	1145845544517988	1145845521335527
1145845526778834	1145845552764680	1145845529016680
1145845535275757	1145845561098604	1145845537882527
1145845543229911	1145845569461680	1145845545609680
1145845551905604	1145845577794834	1145845554616680
1145845560448142	1145845586133373	1145845562704142
1145845568462834	1145845594805988	1145845570879527
1145845576423450	1145845602998834	1145845578661065
1145845584908373	1145845611183142	1145845587375757
1145845593257988	9223372036854775807	1145845595610834
