8333333
1146266135448090	1146266161495244	1146266137093321
1146266144364398	1146266169730013	1146266145624090
1146266152531475	1146266178080782	1146266153836090
1146266161010629	1146266186423167	1146266162951552
1146266169123552	1146266194771475	1146266171109629
1146266177885936	1146266202966936	1146266179984167
1146266186213706	1146266211344782	1146266188128782
1146266195029629	1146266219626629	1146266196344475
1146266201974859	1146266227935552	1146266205285090
1146266209958552	1146266236249321	1146266212324167
1146266218410552	1146266244556167	1146266220589398
1146266227923859	1146266252879782	1146266229280398
1146266235967782	1146266261264167	1146266237883167
1146266243468475	1146266269510321	1146266245519475
1146266253499167	1146266277828398	1146266254359859
1146266261741398	1146266286145013	1146266263209936
1146266269395167	1146266294473013	1146266270947552
1146266276619167	1146266302772475	1146266278532167
0	1146266311136782	1146266300096398
1146266298202859	1146266319405398	1146266301872782
1146266303109013	1146266327798244	1146266305214013
1146266309198552	1146266336106859	1146266311425398
1146266318119244	1146266344354936	1146266320094321
1146266328231244	1146266352696475	1146266328805936
1146266335567244	1146266361054321	1146266337337629
1146266343938552	1146266369309013	1146266345554936
1146266351298244	1146266377621706	1146266353366936
1146266361930244	1146266385946859	1146266363555782
1146266369400475	1146266394295552	1146266370609629
1146266376714013	1146266402591475	1146266378426321
1146266385391782	1146266410893706	1146266387182936
1146266393487552	1146266419204475	1146266395770629
1146266402038936	1146266427527244	1146266403249321
1146266410271244	1146266435846859	1146266412194936
1146266417806013	1146266444328706	1146266419616398
1146266426339859	1146266452484398	1146266428439244
1146266434774936	1146266460793013	1146266437150321
1146266443115782	1146266469228782	1146266445318936
1146266451801321	1146266477440475	1146266453731782
1146266459246629	1146266485756782	1146266461129090
1146266468288475	1146266494083244	1146266470537321
1146266477354936	1146266502396398	1146266479259167
1146266484968090	1146266510712475	1146266487195859
1146266493840398	1146266519040167	1146266495809936
1146266502075859	1146266527364090	1146266503793321
1146266509425013	1146266535652167	1146266511441321
1146266518025013	1146266543986629	1146266520154013
1146266526062013	1146266552346629	1146266528265706
1146266535326552	1146266560596706	1146266537796090
1146266543338629	1146266568929090	1146266545680167
1146266552464706	1146266577355475	1146266554393629
1146266559852090	1146266585557398	1146266561736398
1146266568453013	1146266593867244	1146266570528167
1146266576765321	1146266602190244	1146266578351475
1146266586124167	1146266610510629	1146266588191244
1146266592469013	1146266618855475	1146266594490936
1146266602631244	1146266627135782	1146266604424398
1146266610733321	1146266635484398	1146266612890321
1146266618620706	1146266643775475	1146266621088398
1146266627612398	1146266652082321	1146266629603782
1146266633984398	1146266660403859	1146266636210629
1146266643286629	1146266668702936	1146266645468475
1146266650979167	1146266677101090	1146266653127782
1146266660993936	1146266685475783	1146266662774936
1146266667465936	1146266693666859	1146266669721013
1146266678424706	1146266702001013	1146266679934859
1146266684145013	1146266710331475	1146266686215783
1146266692922629	1146266718611244	1146266695180167
1146266702869706	1146266726945090	1146266703338321
1146266709836090	1146266735248167	1146266711424706
1146266718824706	1146266743567475	1146266719774013
1146266725745013	1146266752007167	1146266727653936
1146266737182321	1146266760210013	1146266737924783
1146266743314321	1146266768505013	1146266744651859
1146266751801013	1146266776813936	1146266753526552
1146266760267859	1146266785149629	1146266761953321
1146266768741013	1146266793454321	1146266770449398
1146266775672090	1146266801756783	1146266777384475
1146266783709936	1146266810077321	1146266785448783
1146266800373629	1146266818574013	1146266802769706
1146266802583167	1146266826833321	1146266804462552
1146266807847552	1146266835030859	1146266809976475
1146266816155552	1146266843338552	1146266818204167
1146266824486013	1146266851678321	1146266826573398
1146266833752783	1146266859978244	1146266835278936
1146266842702859	1146266868299859	1146266844248398
1146266851238244	1146266876618244	1146266853052398
1146266858926321	1146266884977321	1146266860589629
1146266868132090	1146266893250629	1146266869655859
1146266875811167	1146266901655244	1146266877700475
1146266885156167	1146266909876398	1146266886538321
1146266892302321	1146266918216475	1146266893879475
1146266900266013	1146266926501398	1146266901918013
1146266909885398	1146266934896398	1146266911268167
1146266917280475	1146266943128090	1146266919292167
1146266924242936	1146266951445936	1146266926355244
1146266933041321	1146266959759475	1146266934918859
1146266940806321	1146266968082321	1146266942996475
1146266949170629	1146266976411859	1146266951315552
1146266957245706	1146266984725936	1146266959480475
1146266966349398	1146266993034629	1146266968639475
1146266975078552	1146267001359859	1146266977174013
1146266984735475	1146267009673936	1146266986737398
1146266992341629	1146267017998629	1146266994396398
1146267000301629	1146267026376167	1146267001858629
1146267008706859	1146267034607859	1146267010869398
1146267016467859	1146267042938552	1146267018634321
1146267026289629	1146267051263167	1146267028214629
1146267033326244	1146267059561629	1146267035210936
1146267042237706	1146267067913013	1146267044178859
1146267049974629	1146267076195167	1146267052131475
1146267059183783	1146267084543167	1146267061165629
1146267066289013	1146267092835783	1146267068126321
1146267074367167	1146267101169398	1146267076398936
1146267082153090	1146267109474321	1146267084465013
1146267091971859	1146267117772090	1146267094114936
1146267099704090	1146267126104090	1146267101950629
1146267109471552	1146267134404706	1146267111576167
1146267117215167	1146267142729013	1146267119233936
1146267124335244	1146267151034859	1146267126503475
1146267133838552	1146267159405321	1146267135799475
1146267141573013	1146267167683859	1146267143493629
1146267149251475	1146267175988167	1146267151451167
1146267158513013	1146267184300475	1146267160387167
1146267169279552	1146267192626936	1146267170682859
1146267174853090	1146267200939859	1146267176786244
1146267183312090	9223372036854775807	1146267185190936
