16666667
0	1148955306672558	1148955291284020
1148955320953250	1148955340002789	1148955324779097
1148955355234481	1148955373205481	1148955359399020
1148955385739635	1148955406478481	1148955389483020
1148955419800635	1148955439728943	1148955422954404
1148955453556943	1148955473097174	1148955457170097
1148955486271635	1148955506262174	1148955490862097
1148955520536866	1148955539525789	1148955523847635
1148955554768943	1148955572812020	1148955559345250
1148955585967635	1148955606125174	1148955590420327
1148955620447943	1148955639336327	1148955624551020
1148955677972866	1148955705942789	1148955683440635
1148955699956327	1148955722498097	1148955703883020
1148955736331943	1148955755765481	1148955741495097
1148955769351712	1148955789038712	1148955773875635
1148955801547943	1148955822340943	1148955805983020
0	1148955855664020	1148955840063404
1148955871296558	1148955888845481	1148955875052250
1148955904485789	1148955922120558	1148955907572558
1148955934313789	1148955955388250	1148955937811020
1148955968424558	1148955988657789	1148955973505558
1148956002851327	1148956022004250	1148956006478404
1148956037683327	1148956055193866	1148956042058789
1148956069046712	1148956088464635	1148956072779020
1148956101263097	1148956121769866	1148956105243020
1148956139978789	1148956171626174	1148956141609866
1148956190550712	1148956221637251	1148956193584020
1148956200193789	1148956238329481	1148956201665558
1148956236525789	1148956254783635	1148956239270404
1148956269210404	1148956288143404	1148956272303020
1148956303239712	1148956321319943	1148956306657558
1148956335851943	1148956354920327	1148956339981174
1148956367736020	1148956387892327	1148956370899943
1148956400422174	1148956421393251	1148956404291712
1148956434306712	1148956454380866	1148956437660558
1148956469407020	1148956487647943	1148956471430174
1148956502453251	1148956520957251	1148956505881866
1148956534591097	1148956554233789	1148956538529481
1148956568318404	1148956587444558	1148956572534174
1148956602392558	1148956620866712	1148956605739712
1148956636512327	1148956653985174	1148956641363327
1148956668950097	1148956687253558	1148956673840635
1148956727606174	1148956753769789	1148956732075327
1148956738483943	1148956770481558	1148956739046481
1148956765272327	1148956787042174	1148956770055635
1148956799209866	1148956820314712	1148956803042712
1148956833929866	1148956853681866	1148956837607404
0	1148956886840866	1148956870381251
1148956901555327	1148956920183020	1148956904987943
1148956935468943	1148956953417866	1148956938504866
1148956969092327	1148956986631097	1148956970425558
1148957001424251	1148957019948251	1148957005755712
1148957034244251	1148957053190097	1148957037249481
1148957066751712	1148957086489174	1148957070430404
1148957100611097	1148957119710481	1148957104930097
1148957134118789	1148957152961866	1148957137863635
1148957167393866	1148957186238404	1148957171794712
1148957199873481	1148957219525789	1148957203974097
1148957248361481	1148957269413558	1148957251837558
1148957263129174	1148957286049251	1148957264392558
1148957295939712	1148957319305251	1148957299640020
1148957332663020	1148957352575635	1148957335790481
1148957365574174	1148957385826097	1148957369243635
1148957396746174	1148957419098789	1148957400837558
1148957431668635	1148957452399327	1148957435824327
1148957463344020	1148957485661251	1148957464914097
1148957496368020	1148957518894712	1148957500786404
1148957531527404	1148957552168328	1148957535345174
1148957565140020	1148957585490789	1148957568479020
1148957599277174	1148957618852943	1148957602831712
1148957633555712	1148957651990481	1148957637264020
1148957666074097	1148957685286481	1148957669969789
1148957699242174	1148957718546789	1148957702793558
1148957730766404	1148957751874712	1148957734204328
1148957782574789	1148957801699404	1148957786517558
1148957796140943	1148957818327635	1148957797267328
1148957830941558	1148957851641558	1148957834714712
1148957863444866	1148957884867943	1148957867164251
1148957898070789	1148957918123328	1148957901380251
1148957926501866	1148957951399712	1148957930545866
1148957962510174	1148957984674789	1148957964978481
1148957999415943	1148958017999712	1148958003326174
1148958032975635	1148958051210404	1148958035841789
1148958068649866	1148958084537866	1148958069592251
1148958100331328	1148958117755097	1148958103333866
1148958132999943	1148958151002712	1148958137091635
1148958168846789	1148958184276943	1148958173206097
1148958198228328	1148958217556328	1148958202684251
1148958229950789	1148958250805481	1148958230988635
1148958262834789	1148958284113174	1148958267230481
1148958317459328	1148958333967020	1148958322395712
1148958329106097	1148958350596020	1148958330442174
1148958364400635	1148958383931712	1148958367780635
1148958395352558	1148958417148866	1148958399450097
1148958429701789	1148958450434097	1148958433472558
1148958465718097	1148958483690481	1148958469266097
1148958497105251	1148958516938404	1148958500704943
1148958528942097	1148958550216328	1148958532711097
1148958564669481	1148958583492020	1148958567932251
1148958597710174	1148958616755328	1148958602047712
1148958631500558	1148958650000558	1148958636296943
1148958664499943	1148958683271404	1148958669779404
1148958695738174	1148958716554712	1148958700415712
1148958731268328	1148958749804635	1148958733363020
1148958765455020	1148958783073174	1148958771169251
1148958795395712	1148958816312020	1148958799827943
1148958848384328	1148958866217789	1148958852734174
1148958864515712	1148958882872635	1148958865765251
1148958896931943	1148958916099020	1148958899851020
1148958926831020	1148958949348943	1148958929542174
1148958963897866	1148958982638712	1148958967629481
1148958996961251	1148959015893789	1148958999953866
1148959031529558	1148959049163097	1148959034449866
1148959063271712	1148959082436558	1148959066988328
1148959097114174	1148959115680866	1148959101163943
1148959129760558	1148959149054097	1148959134692558
1148959163030405	1148959182208251	1148959167780943
1148959190584635	1148959215456328	1148959194897251
1148959222987635	1148959248742405	1148959225302405
1148959265564020	1148959282065866	1148959270076020
1148959296902481	1148959315256251	1148959300591943
1148959329470174	1148959348527943	1148959334498789
0	1148959398413481	1148959385133558
1148959389653251	1148959415083943	1148959391669174
1148959426462712	1148959448308251	1148959430379635
1148959461687635	1148959481573558	1148959464746712
1148959491362405	1148959514831712	1148959495720943
