16666667
1148940232219403	1148940269353480	1148940238287711
1148940247781480	1148940285984019	1148940249936865
1148940264682788	1148940302635634	1148940266810403
1148940282255096	1148940319322480	1148940283849865
1148940298208326	1148940335896942	1148940301240865
1148940318314788	1148940352554788	1148940319007403
1148940329821173	1148940369137788	1148940331837557
1148940348666480	1148940385885788	1148940350488634
1148940364741173	1148940402405173	1148940366653173
1148940381879711	1148940419035019	1148940383260557
1148940396518711	1148940435674403	1148940398500865
1148940415267711	1148940452294788	1148940420824250
1148940431577865	1148940468973480	1148940433468557
1148940446309557	1148940485571019	1148940447948019
1148940464700865	1148940502376634	1148940473062788
1148940482302403	1148940518827096	1148940484225557
1148940499411711	1148940535467634	1148940503145250
1148940512310096	1148940552207326	1148940514541557
1148940531500557	1148940568746173	1148940537540942
1148940548553865	1148940585363403	1148940550755403
1148940563173865	1148940601989480	1148940565085557
1148940581134403	1148940618630096	1148940588104250
1148940595827711	1148940635258711	1148940597855019
1148940614419634	1148940651940019	1148940615649788
1148940631070096	1148940668527711	1148940632288865
1148940647997557	1148940685187942	1148940650772942
1148940664772942	1148940701856327	1148940666655942
1148940681838788	1148940718436557	1148940683977557
1148940697026403	1148940735059634	1148940698703327
1148940712120327	1148940751698403	1148940713932557
1148940730372557	1148940768624250	1148940732556942
1148940747533173	1148940784956557	1148940750505865
1148940763964250	1148940801596557	1148940766219711
1148940780992557	1148940818231327	1148940782632942
1148940795059942	1148940835013173	1148940797228557
1148940815146788	1148940851523942	1148940816130480
1148940831866711	1148940868119403	1148940837607634
1148940847129480	1148940884835096	1148940849192865
1148940863352634	1148940901389250	1148940865562711
1148940879851096	1148940918036942	1148940881762173
1148940896859096	1148940934681250	1148940898344250
1148940913556250	1148940951308327	1148940916798096
1148940930057557	1148940967928865	1148940932541557
1148940945902480	1148940984551096	1148940948001865
1148940965130711	1148941001177480	1148940972102788
1148940980636019	1148941017821173	1148940982367403
1148940992813788	1148941034448634	1148940994714711
1148941009946403	1148941051080327	1148941015846788
1148941025788942	1148941067715634	1148941027818096
1148941044163327	1148941084351942	1148941046708634
1148941063527096	1148941101015403	1148941065052557
1148941078668865	1148941117615942	1148941081703942
1148941095310480	1148941134253557	1148941098028865
1148941111991019	1148941151007019	1148941114054788
1148941128667711	1148941167516019	1148941130204942
1148941145278173	1148941184203327	1148941146733480
1148941162693250	1148941200798096	1148941165330403
1148941180316557	1148941217606403	1148941181500250
1148941197726173	1148941234091019	1148941199843634
1148941212938788	1148941250686096	1148941214553557
1148941229698173	1148941267298480	1148941238317173
1148941246892865	1148941283952019	1148941248970788
1148941266598711	1148941300596250	1148941271611327
1148941279122096	1148941317210096	1148941280629557
1148941295182403	1148941333838173	1148941302063327
1148941315437865	1148941350464557	1148941316360865
1148941329706480	1148941367096019	1148941330749250
1148941347408634	1148941383737250	1148941347929173
1148941361770403	1148941400368634	1148941363175403
1148941381000557	1148941417062173	1148941381631019
1148941395883942	1148941433624942	1148941397039711
1148941413539634	1148941450247096	1148941417895096
1148941430566788	1148941466880942	1148941432069865
1148941447298788	1148941483516019	1148941448381250
1148941462169250	1148941500138711	1148941463323942
1148941480787327	1148941516780942	1148941485854403
1148941497407942	1148941533415403	1148941498580019
1148941510902173	1148941550044634	1148941512158096
1148941528838403	1148941566670480	1148941535360019
1148941543326711	1148941583309480	1148941545358403
1148941561642403	1148941599960557	1148941562479327
1148941579240557	1148941616599634	1148941584586403
1148941594060250	1148941633199942	1148941595699942
1148941613241557	1148941649963634	1148941614681865
1148941628187634	1148941666472634	1148941629743327
1148941645288865	1148941683092019	1148941647219096
1148941661344865	1148941699730788	1148941662373865
1148941677330403	1148941716350480	1148941678544019
1148941694320865	1148941732991327	1148941695350403
1148941708573480	1148941749636250	1148941710062480
1148941726736865	1148941766252865	1148941728323634
1148941747163019	1148941782881865	1148941748244019
1148941760453557	1148941799673865	1148941761675634
1148941779081173	1148941816224250	1148941781199403
1148941796452019	1148941832781788	1148941797651942
1148941813319403	1148941849421788	1148941815251327
1148941829005480	1148941866094173	1148941829414788
1148941843919942	1148941882696634	1148941845208250
1148941860897788	1148941899326788	1148941862500942
1148941878645557	1148941915947942	1148941881075634
1148941895439403	1148941932571403	1148941896885480
1148941910434173	1148941949203096	1148941911906480
1148941927121250	1148941965827634	1148941929488557
1148941943608250	1148941982469557	1148941944732634
1148941958231019	1148941999107327	1148941961165480
1148941978107327	1148942015713250	1148941982581557
1148941994616250	1148942032351942	1148941995462711
1148942010104634	1148942048994480	1148942010819019
1148942026648327	1148942065636019	1148942027960942
1148942045483942	1148942082235096	1148942047253865
1148942060724327	1148942098868634	1148942061299634
1148942077180250	1148942115499096	1148942078232019
1148942090239634	1148942132153173	1148942092315634
1148942107756327	1148942148784327	1148942109631634
1148942123929788	1148942165416942	1148942125720865
1148942145230788	1148942182076942	1148942150479096
1148942158896557	1148942198696634	1148942160872019
1148942177895711	1148942215304634	1148942183673557
1148942192876557	1148942231943327	1148942194820557
1148942210512634	1148942248575404	1148942213305250
1148942223513173	1148942265218788	1148942225493480
1148942243376557	1148942281844557	1148942250328557
1148942260884865	1148942298484634	1148942262237557
1148942277180250	1148942315109173	1148942278328865
1148942293433250	1148942331794404	1148942295259019
1148942309639942	1148942348360942	1148942311139096
1148942327072634	1148942364996250	1148942329989480
