16666667
1148980302852867	1148980341548252	1148980304881483
1148980316894483	1148980358182483	1148980319212944
1148980334919021	1148980374826790	1148980336386175
1148980352928637	1148980391450790	1148980353496637
1148980369106713	1148980408096944	1148980372593790
1148980388236637	1148980424737867	1148980389661483
1148980404141175	1148980441368329	1148980404835021
1148980419807944	1148980457998175	1148980421715329
1148980435728867	1148980474621252	1148980437022713
1148980450580252	1148980491255713	1148980452097483
1148980468155406	1148980507906406	1148980469476252
1148980485429175	1148980524526483	1148980487599637
1148980502930483	1148980541163713	1148980505043406
1148980518455098	1148980557789252	1148980519788021
1148980536359021	1148980574438175	1148980541498406
1148980552737483	1148980591057790	1148980553729175
1148980569943713	1148980607704021	1148980572124560
1148980585779713	1148980624341867	1148980587023713
1148980604412944	1148980641089252	1148980605280329
1148980619167329	1148980657605252	1148980620369560
1148980635813252	1148980674222713	1148980640803637
1148980653533483	1148980690844252	1148980654379637
1148980669343713	1148980707478790	1148980670488252
1148980689316637	1148980724112560	1148980693916329
1148980699531637	1148980740743406	1148980701021483
1148980715430406	1148980757373175	1148980718189867
1148980732293483	1148980774018714	1148980733986098
1148980748900944	1148980790647021	1148980750737252
1148980766420329	1148980807277175	1148980768512944
1148980784000329	1148980823911021	1148980789645867
1148980801846175	1148980840546790	1148980803281175
1148980817627637	1148980857215021	1148980818752021
1148980834633252	1148980873812329	1148980836110483
1148980852646406	1148980890452560	1148980857121867
1148980868748944	1148980907079406	1148980869979098
1148980884537790	1148980923713252	1148980886487714
1148980901661867	1148980940367098	1148980902181790
1148980920168560	1148980956977483	1148980924271021
1148980935163021	1148980973611714	1148980936610098
1148980951343021	1148980990270790	1148980957105483
1148980968190483	1148981006880944	1148980969648329
1148980987449867	1148981023518790	1148980989413175
1148981002475406	1148981040162098	1148981003023098
1148981019376637	1148981056784329	1148981020655098
1148981036614790	1148981073423021	1148981037974406
1148981046831021	1148981090050406	1148981049111944
1148981070716944	1148981106685867	1148981074566483
1148981086197252	1148981123329252	1148981087682175
1148981102863329	1148981139948252	1148981103712944
1148981118103406	1148981156648021	1148981119443714
1148981136192560	1148981173215329	1148981137080560
1148981152223021	1148981189849252	1148981158016021
1148981169061175	1148981206484560	1148981169948560
1148981185252560	1148981223115637	1148981185801175
1148981204648560	1148981239748867	1148981209103714
1148981216835637	1148981256398175	1148981218656252
1148981233765560	1148981273042406	1148981235306175
1148981251074098	1148981289877790	1148981251819021
1148981266624867	1148981306289252	1148981268684944
1148981285553483	1148981323003098	1148981289625252
1148981299993560	1148981339554098	1148981301291637
1148981318109560	1148981356190483	1148981322709790
1148981335945560	1148981372828021	1148981336978406
1148981351719406	1148981389458790	1148981352565252
1148981370070483	1148981406085175	1148981373429867
1148981383584944	1148981422728944	1148981384673252
1148981401514714	1148981439355714	1148981403716252
1148981418720329	1148981455985867	1148981419749175
1148981433534175	1148981472650175	1148981434431406
1148981452229175	1148981489266714	1148981452680944
1148981470894098	1148981505900637	1148981475315021
1148981483120329	1148981522562406	1148981484575406
1148981503858098	1148981539156944	1148981507105867
1148981517560560	1148981555786790	1148981518541252
1148981533570406	1148981572452329	1148981534754714
1148981551249175	1148981589197867	1148981552995021
1148981567402483	1148981605703329	1148981568948637
1148981584923021	1148981622342406	1148981588690406
1148981599780329	1148981638957560	1148981601125560
1148981618651329	1148981655595098	1148981623647406
1148981633996944	1148981672222175	1148981635270483
1148981650380637	1148981688876637	1148981652640252
1148981672513252	1148981705506098	1148981678059329
1148981683227021	1148981722123329	1148981684966790
1148981698671637	1148981738758483	1148981700156867
1148981720940329	1148981755384329	1148981726491714
1148981729341483	1148981772016944	1148981731457790
1148981747267714	1148981788650175	1148981752042098
1148981765193175	1148981805280252	1148981766715021
1148981781462790	1148981821924329	1148981782606714
1148981797292944	1148981838555329	1148981798874175
1148981816519021	1148981855200867	1148981817738483
1148981832135714	1148981871823714	1148981833900867
1148981850347329	1148981888460637	1148981852314098
1148981866481867	1148981905104329	1148981867977175
1148981883263944	1148981921745483	1148981885322790
1148981899308560	1148981938363637	1148981900930483
1148981915848021	1148981954991714	1148981920874790
1148981932537867	1148981971631714	1148981933688021
1148981946933175	1148981988264329	1148981948602406
1148981963160637	1148982004902791	1148981965951944
1148981979471714	1148982021540560	1148981981373483
1148982000310175	1148982038168560	1148982000697867
1148982017481252	1148982054819406	1148982020494714
1148982032208637	1148982071441175	1148982033351714
1148982049768637	1148982088188867	1148982050470098
1148982066258175	1148982104813483	1148982070485560
1148982083413791	1148982121329175	1148982084706406
1148982099985560	1148982137956560	1148982101313252
1148982114158714	1148982154588637	1148982117067406
1148982129088867	1148982171221175	1148982130938175
1148982146542714	1148982187863637	1148982148814714
1148982162896021	1148982204540637	1148982164482714
1148982178378791	1148982221145867	1148982183915329
1148982198587406	1148982237783406	1148982205156252
1148982215772329	1148982254412329	1148982217345867
1148982243089867	1148982271067021	1148982247264329
1148982247079021	1148982287677867	1148982248871637
1148982263680637	1148982304316560	1148982270600560
1148982281267714	1148982321000252	1148982283018483
1148982297074791	1148982337651637	1148982298871406
1148982316573791	1148982354216944	1148982320569483
1148982329526098	1148982370856867	1148982331102791
1148982350775098	1148982387492560	1148982351616329
1148982366540252	1148982404133252	1148982367177175
1148982381742098	1148982420745867	1148982383109175
1148982398113791	9223372036854775807	1148982399407406
