16666667
1148961091543097	1148961111817558	1148961095499405
0	1148961144968943	1148961129168020
1148961159996020	1148961178275405	1148961163703712
1148961194822482	1148961211496328	1148961197767712
1148961229516328	1148961244781251	1148961234377482
1148961258932866	1148961278043097	1148961262263405
1148961295146712	1148961311319328	1148961298344251
1148961326747943	1148961344793866	1148961330239712
1148961358771020	1148961377849789	1148961362276020
1148961392540635	1148961411123097	1148961397031097
1148961426170174	1148961444614789	1148961429633174
1148961458980866	1148961477676866	1148961462449866
1148961512698712	1148961527561866	1148961516533251
1148961522457559	1148961544213789	1148961523860866
1148961557404559	1148961577476943	1148961562198482
1148961590109789	1148961610753174	1148961593909559
1148961623366789	1148961644038405	1148961627235943
1148961658799097	1148961677294789	1148961662876635
1148961693431097	1148961710580251	1148961696662712
1148961726278789	1148961743843405	1148961731167712
1148961758038482	1148961777118097	1148961761444020
1148961791811712	1148961810386097	1148961795464635
1148961823309789	1148961843641251	1148961827832635
1148961854584328	1148961876927635	1148961858676020
1148961889619405	1148961910493482	1148961893488635
1148961922940328	1148961943468635	1148961927281174
1148961957923943	1148961976867328	1148961961424943
1148961990679020	1148962009997789	1148961991870789
1148962034875328	1148962059909174	1148962038630789
1148962054520559	1148962076540328	1148962056511020
1148962087496635	1148962109811943	1148962092536328
1148962120353174	1148962143093559	1148962125371712
1148962153931328	1148962176414405	1148962158216635
1148962189772635	1148962209673559	1148962193842482
1148962220887943	1148962243008251	1148962225203712
1148962254259635	1148962276300559	1148962259106789
1148962285376943	1148962309525789	1148962287602789
1148962320474789	1148962342782097	1148962325052328
1148962356304559	1148962376049559	1148962360322712
1148962389296635	1148962409354712	1148962392986789
1148962422549559	1148962442613789	1148962425689866
1148962455054482	1148962475996866	1148962459539712
1148962488617251	1148962509144635	1148962493660559
1148962521685866	1148962542404559	1148962525558174
1148962576603097	1148962592311020	1148962580707097
1148962587128866	1148962608941251	1148962588942789
1148962622208866	1148962642235328	1148962626075635
1148962654633482	1148962675511328	1148962659566789
1148962689027712	1148962708859097	1148962693490482
1148962722026405	1148962742090097	1148962727986405
1148962750558174	1148962775376020	1148962752527328
1148962784641559	1148962808655636	1148962789789174
1148962821922097	1148962841944943	1148962827943636
1148962854752559	1148962875389789	1148962859314789
1148962889720020	1148962908543328	1148962892955943
1148962920430712	1148962941795097	1148962924444636
1148962955017559	1148962975036943	1148962958926097
1148962986759097	1148963008386482	1148962992624943
1148963021475712	1148963041568020	1148963025198482
1148963053247712	1148963074873482	1148963057329866
1148963106520559	1148963124749559	1148963110913251
1148963119623328	1148963141383405	1148963121324636
1148963152783636	1148963174653482	1148963157254097
1148963188347328	1148963207919020	1148963193055943
1148963220942174	1148963241440328	1148963225156636
1148963253496328	1148963274455943	1148963256051943
1148963287503943	1148963307735097	1148963292508636
1148963323410482	1148963341019943	1148963327771097
1148963353356328	1148963374323712	1148963357663943
1148963387754789	1148963407567097	1148963391405251
1148963419410482	1148963440866405	1148963423446174
1148963453294174	1148963474149866	1148963456469482
1148963487109482	1148963507484943	1148963492640866
1148963519595020	1148963540716559	1148963523134174
1148963555450789	1148963574097251	1148963558607328
1148963587540559	1148963607290405	1148963592598789
1148963638308636	1148963657221482	1148963642575943
1148963653140020	1148963673924636	1148963654876328
1148963685841559	1148963707169559	1148963689840020
1148963719490789	1148963740456251	1148963724755712
1148963753705482	1148963773710405	1148963755279405
1148963787494789	1148963807161482	1148963791379943
1148963822077174	1148963840276020	1148963825762712
1148963857404559	1148963873565559	1148963858959943
1148963890094789	1148963906815636	1148963892983020
1148963922107020	1148963940073251	1148963926162405
1148963950129789	1148963973347636	1148963953576559
1148963982000866	1148964006622482	1148963985987405
1148964018997789	1148964039884020	1148964023352636
1148964053006789	1148964073246789	1148964057995713
1148964088213174	1148964106434174	1148964092295713
1148964119504866	1148964139701789	1148964123018482
1148964168397559	1148964189592866	1148964172531328
1148964185273174	1148964206243943	1148964186515405
1148964219731405	1148964239537866	1148964223440636
1148964253408559	1148964272859943	1148964254702097
1148964285266405	1148964306060866	1148964288953789
1148964319754405	1148964339431328	1148964324090713
1148964353914713	1148964372639636	1148964358137789
1148964387763328	1148964405878482	1148964391788328
1148964420334482	1148964439185866	1148964425124866
1148964454096251	1148964472455713	1148964457619097
1148964488267097	1148964505864020	1148964492778789
1148964520371020	1148964539064251	1148964524330097
1148964552532866	1148964572306482	1148964555987097
1148964585539405	1148964605655636	1148964589916251
1148964619926713	1148964638924328	1148964623730405
1148964652323405	1148964672172328	1148964655928943
1148964706885866	1148964722037559	1148964710891636
1148964719594789	1148964738696636	1148964720794713
1148964752960251	1148964771940559	1148964758379405
1148964786145866	1148964805200328	1148964790079405
1148964818426789	1148964838456943	1148964822153559
1148964852809174	1148964871841251	1148964856296866
1148964883881866	1148964905084943	1148964887405559
1148964919356328	1148964938367636	1148964922983943
1148964951883713	1148964971531328	1148964955440559
1148964981875328	1148965004769789	1148964985396943
1148965011212020	1148965038048866	1148965013476866
1148965046032866	1148965071305559	1148965049894097
1148965082209866	1148965104588251	1148965086364328
1148965130397559	1148965154466405	1148965132767097
1148965144942482	1148965171114405	1148965146758405
1148965179014482	1148965204382482	1148965183779943
1148965217411636	1148965237688559	1148965222472559
1148965244258097	1148965270907713	1148965249177790
1148965277857251	9223372036854775807	1148965283295020
