16666667
1148949498715327	1148949517491404	1148949502248250
1148949531472635	1148949550860250	1148949534555019
1148949565373789	1148949583987404	1148949568323019
1148949599269558	1148949617302712	1148949603773865
1148949634865789	1148949650524635	1148949640319327
1148949664815404	1148949683887635	1148949668811942
1148949694416865	1148949717035404	1148949699047635
1148949726482712	1148949750302096	1148949730369865
1148949759348635	1148949783614173	1148949764212635
1148949817070789	1148949833480635	1148949819224250
1148949828567019	1148949850106096	1148949829343096
1148949862581866	1148949883392019	1148949866356635
1148949898624250	1148949916641558	1148949899243404
1148949928511327	1148949949918712	1148949929624327
1148949962002404	1148949983180558	1148949966163019
1148949995821558	1148950016468635	1148949999375942
1148950029661481	1148950049716942	1148950033148250
1148950062234096	1148950082988327	1148950066438481
1148950096483404	1148950116263096	1148950101000558
1148950128406096	1148950149564942	1148950132532866
1148950162571942	1148950182828635	1148950167235635
1148950197273481	1148950216133250	1148950201550712
1148950228281558	1148950249452019	1148950233767327
1148950262540327	1148950282693866	1148950268253558
1148950295244942	1148950315954712	1148950299651712
1148950337763635	1148950365922481	1148950342049866
1148950362008942	1148950382529558	1148950362862096
1148950394187404	1148950415824635	1148950397895712
1148950429948558	1148950449129866	1148950434072558
1148950461313173	1148950482468635	1148950464840942
1148950496495942	1148950515670404	1148950499428327
1148950528875096	1148950548961558	1148950531832558
1148950564592327	1148950582255327	1148950566672250
1148950595422481	1148950615526173	1148950599492558
1148950628731942	1148950648828327	1148950632999404
1148950661478096	1148950682132558	1148950663871942
1148950696983404	1148950715361789	1148950701792558
1148950729367635	1148950748629250	1148950733896942
1148950762661250	1148950781882481	1148950766872250
1148950797159327	1148950815165250	1148950802180558
1148950830147712	1148950848409250	1148950835486404
1148950888642096	1148950914942712	1148950891916942
1148950898456327	1148950931571942	1148950900112866
1148950926714173	1148950948199942	1148950929790173
1148950960504327	1148950981464942	1148950962499635
1148950995468558	1148951014761866	1148950998203096
0	1148951048093173	1148951032678096
1148951060264558	1148951081326096	1148951064448250
1148951093780558	1148951114607019	1148951097885173
1148951126460866	1148951147915712	1148951130695404
1148951161109558	1148951181256635	1148951163288019
1148951193621789	1148951214478173	1148951197983327
1148951224733789	1148951247738712	1148951230104019
1148951258819327	1148951281025558	1148951263267404
1148951290522712	1148951314310173	1148951296126712
1148951327259635	1148951347556635	1148951331173789
1148951359738712	1148951380822789	1148951363183635
0	1148951430716019	1148951419128250
1148951427718096	1148951447350789	1148951429574789
1148951458787327	1148951480606712	1148951462808327
1148951492541250	1148951513927327	1148951496152866
1148951526414404	1148951547150712	1148951530104943
0	1148951580446096	1148951565575404
1148951593309789	1148951613687635	1148951597993250
1148951628325789	1148951647052327	1148951633392019
1148951662204558	1148951680218096	1148951663184019
1148951694485173	1148951713536327	1148951698948635
1148951725374404	1148951746749173	1148951730383943
1148951761374789	1148951780025558	1148951765895404
1148951793995635	1148951813306404	1148951798717789
1148951826658096	1148951846548943	1148951831697250
1148951863449789	1148951879825250	1148951866817173
1148951893872019	1148951913209250	1148951897636558
0	1148951963026096	1148951949601481
1148951957738481	1148951979605173	1148951959318481
1148951991448866	1148952012885173	1148951995448558
1148952025641250	1148952046152250	1148952028670096
1148952059722173	1148952079433866	1148952062863019
0	1148952112715712	1148952096880558
1148952125827019	1148952145967712	1148952130059712
1148952160426712	1148952179230173	1148952165141866
1148952193879404	1148952212509173	1148952197741173
1148952226486173	1148952245775019	1148952229511327
1148952259327635	1148952279032866	1148952263802712
1148952293129558	1148952312314481	1148952297231019
1148952324597173	1148952345570173	1148952328421789
1148952359600020	1148952378922096	1148952363290481
1148952391806789	1148952412106712	1148952395740020
1148952426339943	1148952445369173	1148952427677866
1148952482787635	1148952511914712	1148952486597173
1148952493838789	1148952528572327	1148952495412635
1148952526389866	1148952545193866	1148952529431096
1148952557935404	1148952578441866	1148952561374712
1148952594126173	1148952611724635	1148952597842173
0	1148952661635712	1148952642127096
1148952658612327	1148952678250789	1148952660259635
1148952693375943	1148952711555020	1148952695601866
1148952725259712	1148952744780635	1148952728491943
1148952756983020	1148952778050096	1148952760916943
1148952789802173	1148952811305789	1148952794676020
1148952824741173	1148952844581789	1148952828464866
1148952858327404	1148952877881866	1148952861473250
1148952891673173	1148952911157481	1148952895351327
1148952921938173	1148952944367712	1148952923766481
1148952953228020	1148952977652558	1148952957619404
1148953010415712	1148953027555327	1148953014381481
1148953022437558	1148953044185173	1148953023467712
1148953056709789	1148953077449789	1148953060515327
1148953091205866	1148953110803404	1148953095496635
1148953123643712	1148953144003404	1148953128862173
1148953156936943	1148953177363327	1148953160387943
1148953189950404	1148953210543020	1148953193555404
1148953224223943	1148953243816250	1148953229114404
1148953262843096	1148953293719020	1148953264798481
1148953290875635	1148953310355635	1148953295104327
1148953323537789	1148953343621250	1148953327713558
1148953358733866	1148953376887712	1148953361707943
1148953391326096	1148953410136635	1148953394973481
1148953418218096	1148953443411712	1148953420399096
1148953451497481	1148953476699404	1148953455430096
1148953491124635	1148953509987712	1148953494253866
1148953542966404	1148953559906096	1148953547865866
1148953556659943	1148953576544635	1148953557487712
1148953586493789	1148953609853250	1148953590269789
1148953623302404	1148953643129250	1148953627353250
1148953657566789	1148953676406789	1148953662027635
1148953688694404	1148953709736866	1148953694898712
