16666667
1148928621274403	1148928658616557	1148928624864249
1148928636721172	1148928675245480	1148928637406710
1148928653174480	1148928691891633	1148928655761249
1148928669761249	1148928708594787	1148928671024326
1148928686299633	1148928725157172	1148928688282480
1148928702494095	1148928741781864	1148928704087403
1148928723214787	1148928758419941	1148928728308557
1148928738184941	1148928775185480	1148928739247095
1148928756117557	1148928791723403	1148928757497864
1148928770841787	1148928808331633	1148928772328557
1148928787082787	1148928824968249	1148928788361864
1148928804766787	1148928841587710	1148928805009480
1148928822903941	1148928858272941	1148928826398403
1148928835921787	1148928874856326	1148928837453249
1148928854697480	1148928891488326	1148928859495326
1148928868664249	1148928908158480	1148928870036633
1148928884683326	1148928924875326	1148928886500018
1148928904642480	1148928941422787	1148928906595095
1148928918601249	1148928958052018	1148928919605557
1148928935297172	1148928974758787	1148928939658403
1148928951268633	1148928991294172	1148928953091633
1148928968557864	1148929007933864	1148928973490787
1148928986116864	1148929024568249	1148928987588941
1148929001562787	1148929041259633	1148929003521787
1148929018710710	1148929057839095	1148929019858172
1148929050076557	1148929074478095	1148929054607326
1148929053274710	1148929091101787	1148929056195018
1148929066410095	1148929107729557	1148929068267326
1148929083220249	1148929124369249	1148929088450480
1148929101296864	1148929141005172	1148929103051710
1148929118024941	1148929157635941	1148929119038710
1148929135594403	1148929174259941	1148929141401172
1148929150720326	1148929190897172	1148929152414787
1148929165578172	1148929207531018	1148929167230172
1148929182183634	1148929224163095	1148929184337787
1148929199834787	1148929240803941	1148929203694710
1148929216735634	1148929257428864	1148929218416018
1148929233472326	1148929274096864	1148929235361557
1148929250666172	1148929290702095	1148929252376941
1148929268678172	1148929307332557	1148929274061557
1148929285200941	1148929323966787	1148929286515403
1148929303214710	1148929340632249	1148929308198787
1148929318684249	1148929357247634	1148929320296018
1148929339454787	1148929373871710	1148929343395326
1148929353536941	1148929390503403	1148929354400634
1148929370588326	1148929407143018	1148929371353172
1148929386883095	1148929423780018	1148929388130095
1148929403460557	1148929440412018	1148929404367326
1148929420466095	1148929457069557	1148929421444557
1148929437298480	1148929473666480	1148929438124326
1148929451648941	1148929490296557	1148929452942172
1148929467995403	1148929507003403	1148929473974787
1148929487070787	1148929523571095	1148929488330787
1148929502761249	1148929540205787	1148929504067326
1148929519298480	1148929556848557	1148929519874787
1148929534612557	1148929573738095	1148929536718172
1148929570520557	1148929590124326	1148929573319710
1148929575142480	1148929606736864	1148929577140557
1148929583928557	1148929623373480	1148929585016557
1148929602206710	1148929640002095	1148929607540018
1148929619054710	1148929656635018	1148929620313864
1148929637512326	1148929673297787	1148929641501172
1148929651610710	1148929689916249	1148929652296326
1148929669040249	1148929706534710	1148929675303710
1148929686096018	1148929723169480	1148929687536557
1148929701625249	1148929739831326	1148929703584557
1148929719752864	1148929756471710	1148929721412864
1148929740624018	1148929773079326	1148929744608326
1148929750511018	1148929789822403	1148929752539634
1148929769675941	1148929806347326	1148929774365787
1148929784655095	1148929823003403	1148929786869557
1148929800836557	1148929839614787	1148929802156557
1148929819343326	1148929856316941	1148929825583634
1148929833721864	1148929872895018	1148929834909480
1148929851450403	1148929889586787	1148929857081864
1148929869260634	1148929906153557	1148929870045557
1148929886035941	1148929922798710	1148929886671634
1148929900813864	1148929939439018	1148929902178787
1148929918963018	1148929956120557	1148929920680249
1148929936642403	1148929972693480	1148929937922172
1148929956919018	1148929989340634	1148929961180634
1148929967893557	1148930005974095	1148929969119326
1148929984518403	1148930022606787	1148929989685249
1148930001316634	1148930039235634	1148930002688864
1148930017595941	1148930055911634	1148930018591403
1148930034700864	1148930072488941	1148930036608941
1148930049410710	1148930089148634	1148930050562480
1148930086863326	1148930105792018	1148930090038787
1148930090832557	1148930122427018	1148930093930172
1148930098878480	1148930139156557	1148930100663941
1148930116716557	1148930155696941	1148930121503941
1148930133563634	1148930172325787	1148930135648326
1148930150913557	1148930188974172	1148930154456018
1148930168306172	1148930205627095	1148930170544864
1148930185035326	1148930222330172	1148930186947326
1148930200267941	1148930238932018	1148930202365864
1148930216968018	1148930255517787	1148930218384018
1148930234335403	1148930272144864	1148930236339095
1148930251297480	1148930288764634	1148930258135941
1148930267443710	1148930305397864	1148930269425480
1148930281192018	1148930322040941	1148930283495095
1148930298612557	1148930338675095	1148930300823403
1148930314790787	1148930355331941	1148930317470787
1148930331314403	1148930371965249	1148930333826787
1148930350392634	1148930388562172	1148930358025249
1148930367588249	1148930405198403	1148930369548018
1148930380155941	1148930421841787	1148930382144557
1148930397591634	1148930438483326	1148930404119403
1148930412930095	1148930455133864	1148930415023403
1148930429341864	1148930471785480	1148930430744249
1148930452844634	1148930488404018	1148930458299711
1148930465260249	1148930505048326	1148930467543018
1148930480973787	1148930521718480	1148930483054711
1148930499722172	1148930538327711	1148930507146172
1148930517396864	1148930554963095	1148930519510403
1148930532927634	1148930571572864	1148930534482095
1148930550384249	1148930588215095	1148930552190172
1148930565299941	1148930604883634	1148930567278480
1148930590684634	1148930621534095	1148930595547326
1148930596146172	1148930638239018	1148930598596557
1148930616554711	1148930654804557	1148930620144326
1148930633304864	1148930671446711	1148930635980557
1148930649766095	1148930688260249	1148930651268557
1148930666138172	1148930704731634	1148930669283403
1148930683846172	1148930721410095	1148930685672557
1148930699279095	1148930737976634	1148930701616941
1148930716920557	9223372036854775807	1148930719958480
