16666667
1148934458810095	1148934497628634	1148934460220942
1148934477295326	1148934514316634	1148934478148865
1148934493520249	1148934530869865	1148934494736018
1148934511412634	1148934547506711	1148934514187018
1148934526286711	1148934564137480	1148934526934095
1148934543945172	1148934580776249	1148934544911326
1148934557984634	1148934597412942	1148934559700557
1148934576191403	1148934614040634	1148934582943403
1148934591369557	1148934630685172	1148934594100557
1148934607495018	1148934647294711	1148934609548942
1148934626349480	1148934663952018	1148934628711018
1148934641875326	1148934680658788	1148934643276249
1148934658301557	1148934697218711	1148934659797557
1148934675053249	1148934713848326	1148934678253249
1148934690954711	1148934730491634	1148934692824326
1148934708378095	1148934747164634	1148934708844634
1148934726831942	1148934763755403	1148934731885172
1148934742274095	1148934780381249	1148934744001788
1148934759736018	1148934797036249	1148934761328249
1148934774679095	1148934813679326	1148934776385788
1148934795019711	1148934830290172	1148934800982711
1148934810068557	1148934846942711	1148934812244018
1148934825583403	1148934863569788	1148934827063095
1148934842426711	1148934880192249	1148934843761249
1148934858742172	1148934896853172	1148934860120249
1148934874914788	1148934913550095	1148934878195634
1148934891880018	1148934930094711	1148934893086095
1148934907935942	1148934946724326	1148934912977249
1148934925103403	1148934963353172	1148934926194788
1148934943189788	1148934979996326	1148934944756942
1148934958264942	1148934996630480	1148934959681557
1148934973546172	1148935013263634	1148934975466172
1148934992287095	1148935029889172	1148934993796942
1148935011398480	1148935046534403	1148935018112557
1148935026608634	1148935063171018	1148935026930480
1148935043413557	1148935079788557	1148935045429172
1148935060980326	1148935096573557	1148935061883326
1148935075984865	1148935113065557	1148935076721172
1148935093997249	1148935129720634	1148935097591095
1148935110703326	1148935146341172	1148935111969480
1148935124608249	1148935162969557	1148935126442711
1148935140425172	1148935179717249	1148935142164634
1148935155955711	1148935196225172	1148935158112018
1148935175770403	1148935212853557	1148935176402095
1148935190426480	1148935229501788	1148935194727326
1148935207768018	1148935246165172	1148935210009249
1148935223312326	1148935262801172	1148935225264557
1148935242197557	1148935279408326	1148935249089480
1148935257882403	1148935296023018	1148935259822711
1148935272467942	1148935312704942	1148935274776326
1148935289621480	1148935329343634	1148935290775942
1148935307574788	1148935345930403	1148935312966788
1148935322540326	1148935362582711	1148935324556557
1148935339069172	1148935379205865	1148935345862788
1148935355103326	1148935395831942	1148935357087942
1148935375045172	1148935412538172	1148935379738480
1148935390125557	1148935429115018	1148935391134095
1148935406484557	1148935445725557	1148935407390095
1148935422149480	1148935462355711	1148935423286480
1148935437789557	1148935479013480	1148935439137788
1148935453974095	1148935495641249	1148935456823634
1148935474334788	1148935512266788	1148935478082172
1148935489799403	1148935528907634	1148935491208326
1148935506682403	1148935545539942	1148935509235942
1148935521575018	1148935562214403	1148935523198095
1148935538744326	1148935578816249	1148935540678095
1148935557592865	1148935595462095	1148935564588249
1148935574678403	1148935612103403	1148935575678711
1148935590970403	1148935628703019	1148935591992557
1148935606255403	1148935645370172	1148935607990711
1148935622745788	1148935661985788	1148935625472865
1148935642188326	1148935678629249	1148935649313788
1148935659228865	1148935695259942	1148935660700249
1148935673411326	1148935711949172	1148935674467942
1148935691435942	1148935728512249	1148935693057249
1148935706309480	1148935745147326	1148935707623942
1148935723969172	1148935761797172	1148935728986711
1148935740320942	1148935778411403	1148935741643095
1148935759105172	1148935795060249	1148935763299942
1148935770789249	1148935811685249	1148935772521788
1148935790124557	1148935828314788	1148935795102403
1148935806285480	1148935844956557	1148935808109557
1148935822568326	1148935861589788	1148935824277865
1148935838647095	1148935878322095	1148935841504865
1148935853736249	1148935894860326	1148935855623711
1148935870282095	1148935911510788	1148935871881249
1148935889785865	1148935928130480	1148935894253172
1148935908316019	1148935944763942	1148935908932942
1148935921897788	1148935961449557	1148935923434172
1148935941022403	1148935978035942	1148935941697788
1148935956818788	1148935994656019	1148935960619019
1148935971236865	1148936011293249	1148935973263403
1148935990009557	1148936028017172	1148935992298711
1148936007193480	1148936044576865	1148936009016019
1148936024451019	1148936061200865	1148936025879403
1148936039872865	1148936077835942	1148936041492326
1148936057090711	1148936094462711	1148936057951326
1148936077317172	1148936111109480	1148936077789865
1148936088899634	1148936127726095	1148936089958711
1148936107312326	1148936144360249	1148936113563095
1148936122823711	1148936161033249	1148936123847403
1148936139414095	1148936177649172	1148936141398480
1148936156651326	1148936194258788	1148936158180942
1148936173541249	1148936210921557	1148936174305480
1148936188540942	1148936227539019	1148936189908019
1148936207011634	1148936244165480	1148936209905172
1148936224859711	1148936260784942	1148936226351634
1148936239894711	1148936277431942	1148936240544326
1148936252881172	1148936294038403	1148936254623095
1148936270004942	1148936310674788	1148936271447326
1148936285275095	1148936327313249	1148936287163711
1148936302200249	1148936344039095	1148936305703634
1148936323259634	1148936360583095	1148936324344326
1148936341251326	1148936377204634	1148936340891095
1148936355557788	1148936393838711	1148936356764326
1148936374050711	1148936410459403	1148936375011326
1148936389386480	1148936427113865	1148936390185788
1148936406621249	1148936443742711	1148936411202711
1148936418811326	1148936460395942	1148936420664942
1148936437505249	1148936477054095	1148936441428249
1148936455994403	1148936493639019	1148936457164634
1148936472836942	1148936510270403	1148936473686095
1148936489030095	1148936526896249	1148936490000557
1148936506799942	1148936543542788	1148936509270403
1148936521861480	1148936560186403	1148936523509865
1148936538850711	1148936576796942	1148936541273788
1148936554308557	9223372036854775807	1148936555994480
