16666667
1148991631291945	1148991668814176	1148991638861483
1148991646059714	1148991685382714	1148991647852637
1148991665575330	1148991702010791	1148991671279637
1148991680480560	1148991718931945	1148991682182406
1148991696980637	1148991735294176	1148991698183406
1148991715522483	1148991751918406	1148991717665483
1148991730207330	1148991768563714	1148991731871022
1148991748152945	1148991785197483	1148991753206406
1148991763997253	1148991801810176	1148991765542714
1148991780304868	1148991818506791	1148991781295714
1148991797471637	1148991835082176	1148991798476330
1148991816524868	1148991851715714	1148991820483714
1148991830826176	1148991868446176	1148991832256022
1148991847709253	1148991885013176	1148991849301791
1148991866662714	1148991901656945	1148991868195330
1148991879356330	1148991918268945	1148991880655406
1148991898387330	1148991934888022	1148991899366483
1148991915161176	1148991951540253	1148991917327945
1148991931273868	1148991968156637	1148991932450099
1148991947766791	1148991984851406	1148991949325253
1148991965334406	1148992001413253	1148991967628560
1148991980827945	1148992018080637	1148991982158483
1148991998321176	1148992034687099	1148991998863406
1148992015826791	1148992051314099	1148992016980330
1148992033343637	1148992067951714	1148992032992253
1148992047245176	1148992084620945	1148992048192868
1148992062110099	1148992101221560	1148992063598483
1148992079330791	1148992117853868	1148992080601483
1148992096591714	1148992134495945	1148992098676022
1148992113250483	1148992151120868	1148992114462099
1148992130363714	1148992167761176	1148992130934176
1148992146524022	1148992184387330	1148992147153791
1148992164288945	1148992201180560	1148992165322791
1148992180523022	1148992217678483	1148992181591637
1148992197870176	1148992234323099	1148992200473791
1148992213618714	1148992251095637	1148992214595637
1148992231100868	1148992267582406	1148992236573176
1148992248406406	1148992284219022	1148992249097253
1148992263508253	1148992300981253	1148992264431330
1148992280711099	1148992317502791	1148992283001868
1148992297539637	1148992334118099	1148992298239330
1148992314144868	1148992350745560	1148992314741253
1148992328899022	1148992367378176	1148992330159637
1148992347949253	1148992384024945	1148992354193868
1148992361879407	1148992400658407	1148992362615330
1148992379137483	1148992417285483	1148992381390483
1148992400441560	1148992433917560	1148992400998791
1148992414625791	1148992450563099	1148992415747099
1148992430128868	1148992467199637	1148992430495407
1148992447818099	1148992483828253	1148992449204637
1148992462514714	1148992500461791	1148992464131099
1148992481204868	1148992517086791	1148992483432637
1148992495904330	1148992533703099	1148992497345560
1148992515240945	1148992550402099	1148992516452330
1148992529947407	1148992567001253	1148992531755407
1148992545385176	1148992583601791	1148992546794714
1148992564330483	1148992600255714	1148992570321176
1148992577271714	1148992616885483	1148992578485176
1148992595004560	1148992633523022	1148992596895407
1148992609450176	1148992650149253	1148992610845253
1148992629886176	1148992666767330	1148992633137791
1148992646122483	1148992683552560	1148992647410714
1148992662991407	1148992700177791	1148992664259637
1148992681375099	1148992716676022	1148992682449253
1148992696817560	1148992733327022	1148992697463714
1148992711378483	1148992749946483	1148992713380253
1148992729594483	1148992766583099	1148992736413560
1148992744659945	1148992783301483	1148992746389868
1148992762312868	1148992799899945	1148992764142791
1148992780823407	1148992816470483	1148992781315330
1148992795576868	1148992833115945	1148992796870176
1148992812981791	1148992849906791	1148992817071637
1148992827921253	1148992866361253	1148992829022407
1148992844960868	1148992883024330	1148992849487099
1148992861175714	1148992899662099	1148992862648253
1148992878394791	1148992916270099	1148992879927637
1148992896980560	1148992932897560	1148992898480330
1148992911534407	1148992949537791	1148992912609483
1148992928271945	1148992966186714	1148992930256560
1148992945999099	1148992982810483	1148992946902714
1148992961964945	1148992999500330	1148992963094407
1148992978992330	1148993016209483	1148992981073253
1148992996529560	1148993032712022	1148992997571714
1148993012399330	1148993049347022	1148993014213483
1148993030163330	1148993065967022	1148993031210407
1148993045778407	1148993082611637	1148993046551330
1148993060692330	1148993099246099	1148993061662483
1148993079969253	1148993115878099	1148993081189253
1148993095357868	1148993132510714	1148993096497176
1148993111603099	1148993149144868	1148993113911099
1148993128303099	1148993165765176	1148993129542714
1148993143949791	1148993182433483	1148993145917253
1148993160439945	1148993199050483	1148993162144022
1148993179663099	1148993215725483	1148993184800253
1148993193723330	1148993232310407	1148993194956868
1148993209996945	1148993248964868	1148993211247022
1148993227529868	1148993265562483	1148993230423637
1148993243020945	1148993282207637	1148993244437791
1148993259125868	1148993298848637	1148993260575099
1148993276587714	1148993315459330	1148993279806176
1148993293886483	1148993332118407	1148993295587022
1148993310498407	1148993348732560	1148993311710099
1148993327209253	1148993365370483	1148993328838099
1148993342947022	1148993382008253	1148993344298099
1148993360750483	1148993398641253	1148993365998176
1148993378453176	1148993415275637	1148993379541868
1148993394876868	1148993431897253	1148993401007637
1148993411402099	1148993448528868	1148993412631022
1148993428374714	1148993465159407	1148993428804330
1148993444445253	1148993481783099	1148993449106099
1148993457680945	1148993498421176	1148993459147099
1148993474217483	1148993515071022	1148993475017483
1148993489546176	1148993531731330	1148993493707407
1148993505649868	1148993548336022	1148993507854099
1148993531389483	1148993564968253	1148993534056637
1148993545296945	1148993581617560	1148993545812253
1148993562779714	1148993598253791	1148993563623407
1148993575515022	1148993614851022	1148993577155637
1148993594276022	1148993631484868	1148993597997253
1148993606482483	1148993648156637	1148993608215637
1148993624422176	1148993664768868	1148993625052022
1148993640804022	1148993681395099	1148993646033253
1148993661022714	1148993698029253	1148993661970791
1148993678499714	1148993714663714	1148993680096022
1148993694736330	1148993731290714	1148993696163714
1148993710255022	1148993747910484	1148993711853868
1148993725054176	9223372036854775807	1148993726539022
