16666667
1149020371833562	1149020410316562	1149020373540870
0	1149020426896254	1149020411525562
1149020414144254	1149020443521870	1149020416220947
1149020421432639	1149020460235408	1149020423434408
1149020439618100	1149020476787639	1149020441206408
1149020457188024	1149020493427639	1149020461419408
1149020471585562	1149020510059331	1149020473485562
1149020491687024	1149020526674716	1149020492247408
1149020505675408	1149020543375024	1149020506733485
1149020521735100	1149020559949793	1149020522882716
1149020539015331	1149020576575408	1149020540192870
1149020555786793	1149020593276331	1149020556843024
1149020570232870	1149020609865562	1149020573362485
1149020591383024	1149020626476254	1149020596732639
1149020606050100	1149020643240562	1149020607387639
1149020620904639	1149020659752024	1149020621829793
1149020639214716	1149020676397485	1149020640753177
1149020654979716	1149020693020639	1149020657421177
1149020671960870	1149020709664254	1149020673646408
1149020688756331	1149020726303024	1149020689896024
1149020705951408	1149020742934485	1149020706683639
1149020723349485	1149020759574408	1149020725101254
1149020740431408	1149020776196024	1149020741101177
1149020756843101	1149020792917870	1149020757877870
1149020771936254	1149020809452947	1149020773987101
1149020789208639	1149020826090177	1149020789869870
1149020805239947	1149020842719024	1149020806137793
1149020819845254	1149020859360639	1149020821096947
1149020839104254	1149020875980024	1149020843594793
1149020855484254	1149020892639331	1149020856961870
1149020870866793	1149020909261870	1149020873007024
1149020888146485	1149020925924947	1149020889499408
1149020921475408	1149020942527331	1149020924805177
1149020926729870	1149020959153793	1149020928675101
1149020937998177	1149020975796870	1149020940251408
1149020954555101	1149020992420639	1149020955643331
1149020971340331	1149021009065177	1149020972624947
1149020987328562	1149021025696331	1149020988499716
1149021005451408	1149021042358716	1149021010446408
1149021021663024	1149021058965870	1149021022264639
1149021039226177	1149021075606177	1149021039787408
1149021055289254	1149021092232947	1149021055748254
1149021075171639	1149021108865562	1149021078189870
1149021087754716	1149021125523331	1149021088760254
1149021104239716	1149021142120639	1149021104883101
1149021121332870	1149021158770716	1149021122297177
1149021136977485	1149021175429485	1149021138084331
1149021155800331	1149021192046793	1149021157382408
1149021171995716	1149021208663716	1149021173090793
1149021188830716	1149021225305793	1149021189764331
1149021203512947	1149021241935331	1149021204909254
1149021223056331	1149021258575947	1149021223571408
1149021237110793	1149021275204947	1149021238149177
1149021255114408	1149021291832947	1149021256712024
1149021269225177	1149021308483947	1149021270662716
1149021289661485	1149021325100947	1149021293340254
1149021305041485	1149021341729485	1149021306485562
1149021319986485	1149021358360870	1149021320582408
1149021337669254	1149021375013870	1149021342737562
1149021351010716	1149021391623716	1149021353008254
1149021371233870	1149021408275716	1149021374879947
1149021386787639	1149021424912639	1149021388509485
1149021404409254	1149021441533870	1149021405310485
1149021434867716	1149021458159947	1149021439747639
1149021441546485	1149021474799024	1149021443954793
1149021454387024	1149021491428331	1149021455410101
1149021469615101	1149021508083716	1149021471850485
1149021486240562	1149021524691024	1149021487500562
1149021503689562	1149021541323408	1149021505451716
1149021520535408	1149021557969485	1149021521504254
1149021538343408	1149021574607101	1149021538877562
1149021554048947	1149021591222177	1149021555622408
1149021570480562	1149021607871024	1149021571775408
1149021587209254	1149021624492562	1149021588594793
1149021604543716	1149021641177562	1149021606168562
1149021619313562	1149021657755947	1149021621029870
1149021637186408	1149021674396639	1149021637788947
1149021653802716	1149021691020562	1149021657037254
1149021669865562	1149021707647716	1149021670964024
1149021688615639	1149021724303716	1149021690576024
1149021703539716	1149021740928870	1149021704490101
1149021720317870	1149021757551716	1149021722345254
1149021736962485	1149021774183408	1149021738079101
1149021755292947	1149021790832331	1149021761899024
1149021770134101	1149021807457254	1149021771715101
1149021787082177	1149021824123101	1149021788458793
1149021803450177	1149021840725870	1149021804770101
1149021820872331	1149021857359101	1149021821276947
1149021837023947	1149021873988870	1149021839034716
1149021851751331	1149021890628254	1149021853051716
1149021870961793	1149021907258485	1149021876532254
1149021885456562	1149021923983408	1149021886413254
1149021901861793	1149021940559331	1149021903726485
1149021922803716	1149021957163716	1149021923481793
1149021951552331	1149021973790177	1149021955210101
1149021956485793	1149021990420024	1149021957015408
1149021967345254	1149022007062485	1149021968656562
1149021987899716	1149022023680024	1149021991114101
1149022002283331	1149022040413562	1149022003880331
1149022017690716	1149022056958485	1149022018889254
1149022035376639	1149022073581254	1149022037627947
1149022052178485	1149022090208639	1149022053510716
1149022067861254	1149022106863716	1149022069069793
1149022086695024	1149022123477562	1149022087875639
1149022101602101	1149022140115947	1149022102832562
1149022118408254	1149022156749485	1149022119924331
1149022136532331	1149022173358408	1149022138265254
1149022153120870	1149022189995408	1149022154115331
1149022167082178	1149022206618716	1149022168852562
1149022182537485	1149022223250101	1149022184402485
1149022198758793	1149022239892870	1149022204168562
1149022214326793	1149022256549254	1149022216614178
1149022230396562	1149022273168870	1149022233398101
1149022248839331	1149022289791639	1149022254755408
1149022268691408	1149022306431947	1149022270795101
1149022284621254	1149022323051716	1149022286856870
1149022301509793	1149022339698408	1149022303062408
1149022316204331	1149022356321793	1149022317518485
1149022333950178	1149022372940562	1149022340156331
1149022350548870	1149022389594485	1149022352329178
1149022365096254	1149022406230485	1149022366924331
1149022386795024	1149022422854178	1149022387349870
1149022401768947	1149022439491331	1149022406639716
1149022417570408	1149022456122793	1149022419389178
1149022434134178	1149022472858485	1149022437335716
1149022463865254	1149022489388639	1149022471280639
1149022470018485	9223372036854775807	1149022472826178
