16666667
1149003174866792	1149003211660946	1149003179417869
1149003190252330	1149003228312561	1149003191874484
1149003205807023	1149003244925869	1149003208119330
1149003224835099	1149003261558715	1149003227028561
1149003239776023	1149003278214176	1149003241556330
1149003256872869	1149003294832253	1149003257771407
1149003274643330	1149003311458099	1149003276436946
1149003290314176	1149003328160561	1149003291935407
1149003309089176	1149003344722407	1149003315831407
1149003324801561	1149003361353792	1149003325868023
1149003342030484	1149003377981869	1149003343405869
1149003356947023	1149003394610484	1149003358223638
1149003373773869	1149003411254407	1149003374687638
1149003390924330	1149003427864023	1149003393441561
1149003406634484	1149003444524330	1149003407455099
1149003421868330	1149003461147099	1149003423458099
1149003440195099	1149003477764638	1149003448149484
1149003456451638	1149003494411023	1149003457279407
1149003473540330	1149003511029176	1149003475590484
1149003490212330	1149003527660253	1149003491419099
1149003506119946	1149003544295330	1149003507743099
1149003523876638	1149003560932253	1149003525265561
1149003541601869	1149003577542715	1149003542473561
1149003558089792	1149003594195715	1149003559680869
1149003574176330	1149003610831023	1149003575228561
1149003590609792	1149003627451330	1149003592598792
1149003607298715	1149003644160946	1149003608611407
1149003623286176	1149003660739638	1149003624802099
1149003641242099	1149003677347330	1149003648510715
1149003657698715	1149003693973484	1149003659011715
1149003673135330	1149003710686715	1149003674835330
1149003689543638	1149003727228946	1149003690813792
1149003706570715	1149003743886407	1149003707949869
1149003723112561	1149003760553176	1149003725773484
1149003741639638	1149003777135330	1149003742149253
1149003758878176	1149003793766176	1149003765391330
1149003773248638	1149003810413792	1149003774174176
1149003788779099	1149003827017484	1149003790199946
1149003805408023	1149003843652330	1149003807546407
1149003819818792	1149003860294407	1149003821736023
1149003835847638	1149003876935638	1149003837810407
1149003852795099	1149003893562792	1149003855351099
1149003874884253	1149003910203099	1149003879641253
1149003889459407	1149003926833484	1149003890473561
1149003910598407	1149003943455023	1149003911195099
1149003924907023	1149003960275946	1149003926104561
1149003936687638	1149003976723638	1149003938212638
1149003957262715	1149003993425869	1149003962802100
1149003971495023	1149004009988253	1149003972890484
1149003989683407	1149004026663946	1149003993989792
1149004003591946	1149004043342484	1149004005045869
1149004022424330	1149004059925561	1149004023954715
1149004038783023	1149004076532330	1149004039808869
1149004055979023	1149004093153869	1149004060444253
1149004072501869	1149004109785561	1149004073722484
1149004089509561	1149004126421869	1149004090587946
1149004105199100	1149004143051638	1149004106674407
1149004123046715	1149004159676561	1149004125334176
1149004139592253	1149004176324023	1149004140884869
1149004156459946	1149004192994176	1149004157157484
1149004172961869	1149004209605561	1149004173665253
1149004187764023	1149004226204561	1149004188960946
1149004204286792	1149004242847638	1149004209263407
1149004220517869	1149004259466100	1149004222062100
1149004237401484	1149004276100638	1149004238559330
1149004253745869	1149004292734484	1149004254784638
1149004271491946	1149004309367715	1149004273393869
1149004288438176	1149004326003946	1149004289620946
1149004303392330	1149004342629176	1149004304140638
1149004320235946	1149004359259715	1149004326026792
1149004336420946	1149004375889561	1149004337359407
1149004356254484	1149004392529253	1149004360486715
1149004370888638	1149004409162407	1149004372180638
1149004388611023	1149004425914792	1149004393030715
1149004405425561	1149004442415407	1149004406008253
1149004424412023	1149004459099638	1149004429035023
1149004437985484	1149004475711946	1149004439543715
1149004455000869	1149004492338100	1149004456546484
1149004472596330	1149004508956561	1149004478397253
1149004488323100	1149004525567100	1149004489322176
1149004506108638	1149004542228946	1149004507342792
1149004519556561	1149004558953561	1149004521000330
1149004534233869	1149004575468638	1149004536916561
1149004553261253	1149004592151100	1149004559926484
1149004572316946	1149004608734484	1149004573429176
1149004587276330	1149004625379638	1149004587940561
1149004604608330	1149004642012638	1149004606161484
1149004619256253	1149004658634715	1149004621453869
1149004639201561	1149004675307023	1149004644593176
1149004654602715	1149004691916561	1149004655902792
1149004672949792	1149004708649869	1149004673316023
1149004688852023	1149004725170792	1149004689518407
1149004706609176	1149004741801484	1149004709261561
1149004722338484	1149004758436253	1149004723125561
1149004738443100	1149004775073792	1149004739388253
1149004754384253	1149004791710792	1149004756124561
1149004771974715	1149004808495330	1149004773953484
1149004787319946	1149004824965176	1149004788499638
1149004806924869	1149004841605253	1149004810223638
1149004820492638	1149004858232638	1149004821522792
1149004836540946	1149004874862100	1149004837559023
1149004853594484	1149004891545561	1149004854608253
1149004872255715	1149004908130484	1149004872753561
1149004886471715	1149004924763100	1149004887775407
1149004903275638	1149004941391715	1149004905441869
1149004919473561	1149004958010100	1149004921068330
1149004937908561	1149004974653792	1149004941947638
1149004950946484	1149004991278176	1149004952619946
1149004965978176	1149005007930176	1149004968112561
1149004982012023	1149005024550715	1149004987656253
1149004999437484	1149005041190176	1149005001730407
1149005022781869	1149005057823100	1149005027403100
1149005036870715	1149005074450407	1149005038961869
1149005054474792	1149005091086792	1149005055152869
1149005070800869	1149005107744253	1149005071822792
1149005086493561	1149005124373561	1149005087744946
1149005103984330	1149005140982100	1149005104759407
1149005121790484	1149005157620330	1149005124880946
1149005134569792	1149005174252253	1149005135372561
1149005152406100	1149005190900023	1149005153193561
1149005169710792	1149005207552869	1149005171731638
1149005188504638	1149005224154407	1149005189581484
1149005203477484	1149005240887330	1149005204467330
1149005219520330	1149005257487023	1149005220478176
1149005238159715	1149005274062407	1149005242512638
1149005254874792	1149005290680561	1149005256843100
1149005269467100	1149005307311715	1149005270208023
