16666667
1148974464335636	1148974486066790	1148974466580329
1148974479633175	1148974502692944	1148974480841252
1148974522887021	1148974552604021	1148974526249252
1148974526764252	1148974569255713	1148974528199405
1148974550402713	1148974585869790	1148974556483405
1148974566782175	1148974602502713	1148974567447636
1148974579787405	1148974619131405	1148974581011329
1148974599250790	1148974635762098	1148974604890175
1148974613754405	1148974652423636	1148974615496252
1148974630531098	1148974669019636	1148974632274175
1148974649469252	1148974685680636	1148974654719098
1148974663858713	1148974702288021	1148974665470482
1148974681203021	1148974718991713	1148974683048559
1148974696166482	1148974735614713	1148974697844944
1148974715254405	1148974752189790	1148974723100636
1148974730397175	1148974768837252	1148974732155713
1148974747754713	1148974785451636	1148974752880944
1148974764573559	1148974802116944	1148974766231944
1148974779797175	1148974818721559	1148974782123944
1148974797772559	1148974835356636	1148974800874713
1148974813528636	1148974852016559	1148974815600944
1148974831802713	1148974868648944	1148974833118098
1148974849359021	1148974885271405	1148974855448636
1148974863667944	1148974901896636	1148974865377482
1148974881037790	1148974918530175	1148974885825482
1148974897668329	1148974935159329	1148974898822482
1148974912897790	1148974951783944	1148974914200021
1148974930845175	1148974968421482	1148974932398482
1148974949641867	1148974985062713	1148974954689175
1148974963645867	1148975001711405	1148974964974098
1148974981737175	1148975018335636	1148974986749790
1148974997458175	1148975034959713	1148974998586713
1148975014687636	1148975051576636	1148975017168944
1148975036493790	1148975068230713	1148975037359021
1148975048911405	1148975084861559	1148975050857482
1148975065452867	1148975101493867	1148975066757867
1148975082200329	1148975118175098	1148975082725175
1148975098753790	1148975134749252	1148975099945790
1148975118248021	1148975151444636	1148975120536329
1148975130087636	1148975168098405	1148975132556559
1148975147051329	1148975184665482	1148975150069482
1148975163869482	1148975201317175	1148975166198175
1148975179434175	1148975217945482	1148975181721175
1148975197585252	1148975234570175	1148975201800559
1148975212861252	1148975251199636	1148975215357482
1148975230237559	1148975267840252	1148975232502405
1148975246111713	1148975284466713	1148975249531021
1148975265557559	1148975301148252	1148975267953559
1148975279702405	1148975317726175	1148975281074482
1148975297646175	1148975334376329	1148975300117482
1148975311635636	1148975351000559	1148975313804559
1148975328519098	1148975367647098	1148975330622405
1148975345944944	1148975384280944	1148975349089252
1148975364216252	1148975400922713	1148975366319098
1148975378010713	1148975417536559	1148975380555636
1148975395038405	1148975434219636	1148975396896021
1148975413529252	1148975450809482	1148975416367021
1148975432396559	1148975467427713	1148975432812867
1148975447085867	1148975484100867	1148975449305175
1148975461082098	1148975500705175	1148975462764559
1148975481196636	1148975517336021	1148975485991636
1148975496711329	1148975534064867	1148975498223021
1148975511281867	1148975550662713	1148975513413790
1148975533087405	1148975567237559	1148975536711944
1148975552399636	1148975583868636	1148975553199944
1148975560377867	1148975600514482	1148975562671098
1148975578693252	1148975617140636	1148975581749252
1148975595798175	1148975633772329	1148975604192329
1148975610603636	1148975650403098	1148975612980636
1148975628630098	1148975667037482	1148975631556867
1148975647859329	1148975683733790	1148975650989867
1148975663528021	1148975700285559	1148975664848867
1148975680674790	1148975716920944	1148975681712636
1148975697121867	1148975733560636	1148975698229175
1148975707882098	1148975750231098	1148975710243021
1148975726059636	1148975766909252	1148975732509559
1148975745286406	1148975783460329	1148975747044944
1148975760621175	1148975800115406	1148975762409175
1148975778129867	1148975816757867	1148975779239021
1148975796617790	1148975833382713	1148975798905867
1148975811135636	1148975849994406	1148975813346482
1148975828564944	1148975866664252	1148975829853867
1148975846747021	1148975883261867	1148975853975636
1148975864677559	1148975899903636	1148975865649559
1148975880436636	1148975916544021	1148975881154482
1148975898443636	1148975933183636	1148975900357867
1148975914241559	1148975949820944	1148975914732636
1148975928778406	1148975966477482	1148975930748252
1148975945426175	1148975983143329	1148975946984944
1148975963763636	1148975999774482	1148975964652944
1148975977849790	1148976016417175	1148975979774482
1148975996565559	1148976033029252	1148976001690406
1148976011967021	1148976049681867	1148976014118406
1148976028716559	1148976066595021	1148976030392867
1148976058213252	1148976083098406	1148976064209482
1148976065760944	1148976099661559	1148976068393482
1148976077238175	1148976116270790	1148976079377559
1148976091789175	1148976132864559	1148976093940636
1148976109471636	1148976149530175	1148976112588021
1148976126571098	1148976166333867	1148976129741252
1148976143618482	1148976182870790	1148976147628867
1148976162978175	1148976199625790	1148976165553559
1148976179457790	1148976216026175	1148976181711636
1148976195155098	1148976232664021	1148976197637252
1148976211242098	1148976249295636	1148976213238406
1148976226905175	1148976265934482	1148976228307636
1148976242208252	1148976282551329	1148976243930790
1148976263838175	1148976299183406	1148976269108021
1148976277195636	1148976315823021	1148976279310406
1148976295737482	1148976332422790	1148976299542713
1148976309429175	1148976349049252	1148976312305790
1148976324501790	1148976365696559	1148976326589482
1148976340757867	1148976382358790	1148976342476559
1148976356504559	1148976399057175	1148976358220636
1148976373208329	1148976415614713	1148976375830713
1148976394821559	1148976432282713	1148976399788867
1148976410889482	1148976448869867	1148976413011021
1148976428652944	1148976465516944	1148976433980944
1148976444541867	1148976482139098	1148976446567021
1148976461522482	1148976498810482	1148976463595329
1148976475953867	1148976515423636	1148976478028867
1148976495299098	1148976532125252	1148976501381482
1148976511556252	1148976548714482	1148976512361790
1148976529542175	1148976565360559	1148976532927021
1148976544155636	1148976581984944	1148976545174098
1148976574943713	1148976598623406	1148976576402790
1148976579450406	1148976615260021	1148976580740867
