16666667
1149014567057869	1149014605059946	1149014568913254
1149014583448562	1149014621684023	1149014585045792
1149014599461485	1149014638334792	1149014600955408
1149014616763331	1149014654956331	1149014618588331
1149014633229792	1149014671595946	1149014634579946
1149014650707639	1149014688236946	1149014651166408
1149014669199408	1149014704867023	1149014673139023
1149014685095023	1149014721496023	1149014686102100
1149014700779408	1149014738237792	1149014702223023
1149014730548331	1149014754761254	1149014736328331
1149014737813177	1149014771398100	1149014739633177
1149014748390485	1149014788050177	1149014750370716
1149014767894100	1149014804666485	1149014769529869
1149014782427023	1149014821301792	1149014784099639
1149014799752023	1149014837936254	1149014804723408
1149014816874177	1149014854607023	1149014818476562
1149014833941254	1149014871192331	1149014834879331
1149014848640331	1149014887827408	1149014850321562
1149014866893177	1149014904462485	1149014868727946
1149014883934716	1149014921169485	1149014885200254
1149014899289792	1149014937727331	1149014900427408
1149014920830100	1149014954404331	1149014924195331
1149014932855100	1149014971004331	1149014933906792
1149014951198177	1149014987629792	1149014957861177
1149014967152562	1149015004431716	1149014968126100
1149014983360023	1149015020925254	1149014984417254
1149015001169177	1149015037716869	1149015003547639
1149015017280562	1149015054166485	1149015017830716
1149015034010100	1149015070808869	1149015037428331
1149015050251946	1149015087438485	1149015050864639
1149015067356331	1149015104093485	1149015068613254
1149015082833485	1149015120707100	1149015084330716
1149015100932639	1149015137743100	1149015102521869
1149015116716331	1149015153970716	1149015118259946
1149015134520869	1149015170688023	1149015135916023
1149015149533562	1149015187439716	1149015150565177
1149015167453792	1149015203859639	1149015168938485
1149015181365485	1149015220507716	1149015183011331
1149015199309792	1149015237126792	1149015200606485
1149015216094485	1149015253771023	1149015221277485
1149015242364946	1149015270398716	1149015247078100
1149015245091331	1149015287024331	1149015248480023
1149015262709485	1149015303657792	1149015268520946
1149015278552562	1149015320310716	1149015280463408
1149015295409792	1149015336923946	1149015296127408
1149015313249254	1149015353557562	1149015317354408
1149015329098792	1149015370193562	1149015331059946
1149015345752869	1149015386831100	1149015347508331
1149015364729792	1149015403455716	1149015365916639
1149015380237485	1149015420099408	1149015381642792
1149015396065792	1149015436733869	1149015397582485
1149015412935100	1149015453366792	1149015415167100
1149015430893792	1149015470001254	1149015436134100
1149015446774716	1149015486625485	1149015448236562
1149015466105869	1149015503268023	1149015470357562
1149015481469177	1149015519933254	1149015482566408
1149015498640946	1149015536544023	1149015499748023
1149015516908562	1149015553179331	1149015518780639
1149015533420562	1149015569797485	1149015534291946
1149015549604023	1149015586437177	1149015550175639
1149015562507639	1149015603121793	1149015564634485
1149015582696331	1149015619706100	1149015587484869
1149015599015716	1149015636436023	1149015600844946
1149015614724869	1149015652984331	1149015616335331
1149015630895100	1149015669608254	1149015637427023
1149015650945254	1149015686243100	1149015652085254
1149015664948254	1149015702925869	1149015666630100
1149015681848023	1149015719511716	1149015683418100
1149015698730793	1149015736181869	1149015701717793
1149015715121177	1149015752776946	1149015716696869
1149015732975946	1149015769474177	1149015737977254
1149015765019331	1149015786043639	1149015770207639
1149015769665485	1149015802697254	1149015773487408
1149015780404562	1149015819314485	1149015782149562
1149015799658716	1149015835968639	1149015803667023
1149015814318177	1149015852583331	1149015815815408
1149015830503639	1149015869218100	1149015832100023
1149015847688639	1149015885847408	1149015848888254
1149015865163716	1149015902486485	1149015866839331
1149015881320869	1149015919311023	1149015882444331
1149015898533793	1149015935751716	1149015900678716
1149015914779716	1149015952420254	1149015915468562
1149015931109177	1149015969023331	1149015931799716
1149015950718100	1149015985655946	1149015954407639
1149015966505562	1149016002305793	1149015968827639
1149015980584869	1149016018980562	1149015981105254
1149015999187331	1149016035575023	1149016000399408
1149016016443639	1149016052251408	1149016016854485
1149016031407716	1149016068843716	1149016032272639
1149016050161177	1149016085626793	1149016053679408
1149016065154408	1149016102130485	1149016065709869
1149016083026408	1149016118758793	1149016085203639
1149016098990177	1149016135385177	1149016100064023
1149016113449562	1149016152021869	1149016115162177
1149016131696331	1149016168661562	1149016132155639
1149016147456946	1149016185295023	1149016149615331
1149016164291408	1149016201937869	1149016165753562
1149016181651946	1149016218550793	1149016184713562
1149016197710100	1149016235218716	1149016199291100
1149016213956023	1149016251824562	1149016215106408
1149016230972562	1149016268463946	1149016231577177
1149016246174485	1149016285278177	1149016247316254
1149016283645869	1149016301711946	1149016284425869
1149016288308639	1149016318348023	1149016290698716
1149016297811331	1149016334989485	1149016298681254
1149016312941793	1149016351621177	1149016314058716
1149016332144639	1149016368262716	1149016332521485
1149016349311408	1149016384892254	1149016349024869
1149016363979023	1149016401508562	1149016365073485
1149016376805793	1149016418140946	1149016378608331
1149016395418100	1149016434776254	1149016400215716
1149016410079408	1149016451412562	1149016411755100
1149016426172946	1149016468096254	1149016427873869
1149016442975408	1149016484685793	1149016444409869
1149016463449177	1149016501324254	1149016467303331
1149016481052869	1149016517963946	1149016481941869
1149016497347023	1149016534584946	1149016498795946
1149016515305254	1149016551228023	1149016517056562
1149016527511023	1149016567851639	1149016529669177
1149016548437177	1149016584491716	1149016549927946
1149016560068023	1149016601233177	1149016561823331
1149016578145254	1149016617754485	1149016579576254
1149016600569562	1149016634385793	1149016602682485
1149016614532254	1149016651014100	1149016616541793
1149016629460562	1149016667659639	1149016630726716
1149016644610100	1149016684279716	1149016645831408
1149016663337485	9223372036854775807	1149016668796562
