16666667
1148997386315022	1148997423745561	1148997387623407
1148997402608330	1148997440390099	1148997403967022
1148997421718714	1148997456991945	1148997422630176
1148997436891945	1148997473731330	1148997438781484
1148997453562714	1148997490255945	1148997454632561
1148997470110714	1148997506909176	1148997475203714
1148997485158484	1148997523552022	1148997486482791
1148997503622407	1148997540179330	1148997505215715
1148997519995945	1148997556786099	1148997521283945
1148997536509561	1148997573427330	1148997538511638
1148997553768945	1148997590058791	1148997554711945
1148997571103945	1148997606699407	1148997573143022
1148997585935022	1148997623310484	1148997586508253
1148997601829176	1148997639963715	1148997603503099
1148997618571330	1148997656571330	1148997619574791
1148997637181176	1148997673229868	1148997642466715
1148997652860638	1148997689962791	1148997653866715
1148997670984945	1148997706472330	1148997671746176
1148997686682407	1148997723097253	1148997689081791
1148997702248330	1148997739724253	1148997703722176
1148997719763407	1148997756403099	1148997721097176
1148997736889791	1148997772987945	1148997741955330
1148997751731638	1148997789620868	1148997753040022
1148997766745176	1148997806257484	1148997768523638
1148997781958791	1148997822881561	1148997783576561
1148997797636022	1148997839507407	1148997798765484
1148997814639099	1148997856140253	1148997816535099
1148997831721484	1148997872782715	1148997836804638
1148997849984945	1148997889408253	1148997850963099
1148997866998715	1148997906218099	1148997868604868
1148997882413253	1148997922672638	1148997883077176
1148997901610099	1148997939306791	1148997905844022
1148997914413561	1148997955942407	1148997915960253
1148997934804022	1148997972582407	1148997935855330
1148997951727330	1148997989222176	1148997952309868
1148997968529868	1148998005848638	1148997969985561
1148997985255330	1148998022491715	1148997986236945
1148998001482407	1148998039118791	1148998002931638
1148998017485561	1148998055779715	1148998018603638
1148998034096638	1148998072384945	1148998035783638
1148998052791945	1148998089001868	1148998053960561
1148998067864561	1148998105649176	1148998069045791
1148998085124638	1148998122447330	1148998089271638
1148998101676253	1148998138904022	1148998102229253
1148998116870176	1148998155532253	1148998118652561
1148998132230176	1148998172161484	1148998134034715
1148998148141484	1148998188794099	1148998149885868
1148998166681253	1148998205414715	1148998167959330
1148998185033484	1148998222062484	1148998189286099
1148998197717176	1148998238722099	1148998199273791
1148998214915330	1148998255343715	1148998221219407
1148998232191945	1148998271935945	1148998234031022
1148998251211945	1148998288611022	1148998253119099
1148998264458407	1148998305199022	1148998266339330
1148998282342407	1148998321976868	1148998284379638
1148998298407638	1148998338469484	1148998300191945
1148998317721176	1148998355096945	1148998322984561
1148998332637176	1148998371769868	1148998334302715
1148998350036253	1148998388354715	1148998352894407
1148998369026791	1148998405022176	1148998369598484
1148998384360022	1148998421619407	1148998385295638
1148998400838407	1148998438246715	1148998405547099
1148998416338407	1148998454878099	1148998417587022
1148998431500868	1148998471550791	1148998433565176
1148998451393791	1148998488142099	1148998452865868
1148998467312330	1148998504771099	1148998469089484
1148998482459945	1148998521415099	1148998483372638
1148998499386099	1148998538049561	1148998501083715
1148998517631330	1148998554664945	1148998518432945
1148998533201484	1148998571294484	1148998537232022
1148998549264253	1148998587956945	1148998549873791
1148998567883330	1148998604576253	1148998568988253
1148998587619638	1148998621194715	1148998590817176
1148998601711945	1148998637822176	1148998603309868
1148998617411022	1148998654460330	1148998618800868
1148998634093484	1148998671103638	1148998635007407
1148998650803022	1148998687710407	1148998651915022
1148998668609791	1148998704357868	1148998673876868
1148998683303715	1148998720975330	1148998684713561
1148998702695099	1148998737597484	1148998706883099
1148998717535638	1148998754255099	1148998718596022
1148998733879715	1148998770855945	1148998734892253
1148998753798176	1148998787512253	1148998758738484
1148998766183945	1148998804323330	1148998767642484
1148998781836253	1148998820775715	1148998783619715
1148998800255945	1148998837398099	1148998805040868
1148998817482484	1148998854024945	1148998819430792
1148998834726099	1148998870690715	1148998836344022
1148998848797484	1148998887286407	1148998850569868
1148998865617868	1148998904122484	1148998866979638
1148998882179407	1148998920580945	1148998883264253
1148998899965176	1148998937210484	1148998902068330
1148998915995407	1148998953827330	1148998917750407
1148998933441792	1148998970456638	1148998934240638
1148998949801561	1148998987072561	1148998950526407
1148998966587638	1148999003714484	1148998967882099
1148998982455022	1148999020333253	1148998983976330
1148999000318715	1148999036967407	1148999005720330
1148999016864330	1148999053592638	1148999017819099
1148999032820253	1148999070231099	1148999033888868
1148999050489484	1148999086919945	1148999051905561
1148999066988330	1148999103487407	1148999067576253
1148999083497792	1148999120433868	1148999085355638
1148999100415945	1148999136779715	1148999101660945
1148999117706484	1148999153384868	1148999119855407
1148999133575638	1148999170017561	1148999135194715
1148999150042715	1148999186660022	1148999151237176
1148999165462715	1148999203256330	1148999167396868
1148999183717561	1148999219887022	1148999185127945
1148999195325484	1148999236519638	1148999197278484
1148999211202792	1148999253188561	1148999213293176
1148999227889561	1148999269810792	1148999230331715
1148999243743022	1148999286416868	1148999246045484
1148999267256868	1148999303133253	1148999271695715
1148999280388561	1148999319694792	1148999282236561
1148999298516022	1148999336341176	1148999300685176
1148999314260022	1148999352947945	1148999315251407
1148999333313792	1148999369577792	1148999337343330
1148999346313176	1148999386322792	1148999348207022
1148999362915945	1148999402868022	1148999364830176
1148999381966792	1148999419475945	1148999385534099
1148999397972945	1148999436105792	1148999399191099
1148999414811715	1148999452802099	1148999417072022
1148999431048945	1148999469363407	1148999432327099
1148999447847330	1148999485999330	1148999448570176
1148999462868868	1148999502627638	1148999469177484
1148999480347407	9223372036854775807	1148999482076022
